54.695000 -5.857000
54.017800 -7.943300
55.200000 -6.983300
52.525353 -7.189417
52.330380 -7.314150
55.082887 -6.058960
57.442040 -5.661020
54.573056 -1.549167
57.463300 -2.024700
55.015300 -6.402500
57.212700 -6.234840
54.164000 -6.134000
53.193950 -3.953330
51.680000 -0.510000
54.973000 -1.414000
53.008611 -3.146944
54.499000 -6.141000
54.400000 -5.650000
51.401639 -0.386139
54.810480 -5.909786
50.957000 -1.364000
51.792640 -4.453070
54.750000 -1.326389
55.281920 -3.593210
51.486000 -1.088000
54.513000 -3.415000
51.506300 -0.077800
50.016667 1.316667
54.369444 -3.131389
51.647222 -0.313889
53.216667 -7.616667
53.362244 -6.052994
54.984000 -1.615000
51.246000 -0.552000
53.335624 -6.257025
53.283333 -6.333333
56.390100 -4.835700
53.115030 -4.048370
51.783333 -0.083333
55.423389 -4.539833
54.836000 -7.281000
54.418200 -2.956100
53.072700 -3.617800
54.100833 -7.223333
55.850000 -2.500000
51.487056 -0.007917
53.275833 -6.103611
53.349722 -6.260278
57.189500 -5.348300
52.583333 -6.566667
53.520000 -2.211389
55.695800 -4.841800
52.267100 -3.199800
51.769703 -3.564394
51.653000 -3.190000
50.798448 -1.090393
54.415556 -6.561111
54.323611 -4.407500
52.746700 -2.731500
53.311134 -6.268666
54.990556 -7.317778
54.688889 -1.533889
53.790278 -3.055556
57.264430 -4.560060
53.286281 -6.217318
53.767500 -7.448000
58.550000 -4.790000
54.597000 -5.812000
51.674200 -3.071600
52.794100 -6.164900
50.578700 -4.107600
51.407000 -0.469000
54.710000 -7.230000
53.478333 -2.257500
51.280556 -2.801389
51.957000 -2.455000
51.535556 -0.127778
51.413100 0.136400
50.891972 -1.967389
54.831111 -6.682222
57.469400 -1.878000
54.620000 -2.372500
55.833333 -4.116667
50.712220 -3.057030
55.571000 -2.149000
54.682000 -5.880000
52.633000 -7.895000
55.868333 -4.286389
52.482000 -1.887700
54.411000 -5.664000
51.507778 -0.076111
51.663611 -1.270278
53.329900 -6.236260
59.214167 -2.823056
52.077100 0.583700
52.480000 -0.530000
59.258889 -3.101667
53.708600 -6.543400
54.824167 -5.748889
54.402500 -5.654200
55.061840 -4.452010
53.833333 -6.500000
55.599600 -2.720000
54.650000 -6.660000
52.694722 1.428611
57.756570 -3.910690
50.459810 -3.503150
55.095000 -6.763000
52.483333 -7.066667
52.394000 -6.717000
50.622000 -2.261700
53.091428 -7.908614
57.180000 -5.336300
51.583000 -3.043000
54.496000 -5.916000
56.347222 -4.426111
52.496200 -2.047090
53.142400 -3.894700
51.456650 0.117290
53.260400 -2.847700
51.867000 -2.249000
54.300833 -6.197222
52.645400 1.314500
51.328850 -2.285560
51.983333 -3.783333
53.704000 0.593000
53.515833 -2.233611
58.977222 -3.166667
53.337778 -6.255000
51.736810 -4.318140
57.354353 -1.957262
56.896389 -3.423611
54.539640 -3.101990
51.747081 -1.244206
51.997000 -2.157000
54.384110 -2.374120
51.438000 -0.165000
52.990600 -6.085300
54.731944 -2.044167
53.688333 -6.498611
53.630000 -0.300000
53.766400 -2.746000
53.250000 -2.516667
54.581620 -3.222260
54.116667 -7.016667
53.235170 -3.905760
56.185800 -3.769800
53.811500 -2.530800
52.729639 -2.748213
54.589000 -5.934000
53.302970 -6.178910
54.998000 -7.316300
54.022680 -2.624240
54.552730 -2.067990
52.752500 -3.720500
53.582700 -7.537200
55.789611 -4.333167
53.557500 -1.184444
53.230000 -0.540000
54.447222 -6.388333
54.555833 -2.105833
52.793889 -6.159722
51.696000 -3.063000
56.276285 -4.118760
55.044500 -7.015760
55.633000 -6.127000
54.713000 -6.209000
51.837400 -3.181600
53.933618 -2.411934
52.716667 -6.383333
56.560080 -4.647560
52.550278 -2.654722
51.498300 -0.177400
53.849300 -3.040400
52.861667 -4.026667
52.262222 -3.588611
52.081389 1.558611
51.586000 0.246500
52.602300 -4.096400
53.341108 -6.256817
51.458100 -0.058800
55.950050 -3.202994
50.732840 -2.199740
54.966667 -5.966667
55.016667 -2.350000
55.071000 -6.508000
53.270000 -7.431667
56.566667 -3.233333
52.606500 1.455800
52.218000 1.607000
52.805278 -7.597222
54.656389 -2.109167
55.004561 -7.321422
50.030000 -5.675000
52.896700 -1.243000
58.966667 -3.216667
51.579722 -0.245833
53.847500 -0.797500
57.070090 -4.778280
51.263149 1.291066
52.786400 -0.259200
54.349900 -6.654600
52.547500 -2.115300
53.378750 -6.179770
54.602778 -5.928333
53.579444 -6.611667
54.238000 -6.161000
51.865300 -0.587200
54.651690 -3.032170
52.265300 -3.153300
52.684000 -1.839000
53.098200 -1.563700
52.330556 -3.896389
50.618611 -2.222500
54.921860 -6.094190
50.708000 -1.286450
52.863900 -6.556900
53.133333 -7.400000
56.715611 -6.227944
51.377600 0.368900
51.476100 -0.323100
53.528008 -7.338542
51.500278 -0.057222
54.830000 -2.100000
54.317000 -7.537000
51.799200 -3.484400
51.668800 -0.035000
53.104910 -4.009050
51.595931 -0.053832
50.929561 0.609878
50.630490 -1.966010
57.666667 -2.516667
57.016667 -2.583333
51.595000 -0.047900
54.493080 -2.977220
54.620000 -2.933000
56.969520 -2.973700
53.174200 -7.725600
56.391200 -4.742600
54.528333 -3.008611
52.320000 -6.660000
51.283600 0.785700
54.603530 -3.134910
50.561400 -2.448500
57.363333 -5.025278
52.220000 -3.934000
57.324240 -4.703810
53.630000 -2.515000
51.418000 -0.305000
51.563400 -4.055700
54.275222 -1.935306
53.275000 -6.129167
57.012240 -2.163620
52.172000 1.004000
54.434900 -6.410300
53.647200 -7.210900
55.811111 -4.735139
50.803460 -0.541323
52.989430 -3.979840
54.469500 -3.069600
54.343925 -5.674525
52.615000 -6.425000
51.571000 -0.058000
55.621944 -5.241944
53.926000 -1.391000
52.031000 -2.635000
54.956600 -7.720300
54.512000 -6.031000
52.629000 1.281900
53.229057 -7.729568
56.291667 -4.300000
53.550000 -6.300000
52.069000 -7.877000
50.951411 -0.529147
59.292000 -2.580000
54.164228 -3.257402
56.823889 -4.848333
53.336791 -1.183686
54.602778 -5.928333
54.344000 -6.041000
50.126700 -5.480100
57.000000 -7.000000
54.563800 -5.986600
53.204600 -3.965000
52.532600 -2.383000
51.863500 -3.498800
56.213889 -4.547222
57.726944 -6.300833
53.757000 -1.775000
53.797600 -2.214100
50.800000 -1.170000
53.339000 -6.278000
55.901980 -6.004230
51.561389 -4.074722
53.096880 -4.159530
53.306801 -6.218820
51.047222 -0.102778
51.783333 -1.333333
50.818056 -1.008333
52.860350 -7.162810
57.627800 -5.566500
51.240940 -2.180450
50.100900 -5.140900
53.339722 -6.261667
51.411111 -0.602778
51.487222 -0.155278
51.560260 -0.160670
51.865278 -0.424722
52.376000 -7.929000
52.880110 -3.381910
52.488000 -2.746000
53.367000 -2.894000
52.690350 -2.097600
50.566667 -3.616667
56.454000 -4.619800
52.689444 1.429444
53.182950 -3.966300
54.866667 -5.833333
57.113200 -3.664000
53.350449 -6.267070
54.600000 -5.956000
50.666389 -1.576111
50.527700 -4.571000
51.379000 0.063000
53.143056 -3.460556
52.380000 -6.380000
54.250280 -7.445470
51.490400 -0.234100
51.563611 -3.031944
54.566667 -5.550000
53.352500 -6.258333
59.048100 -2.816400
54.567250 -3.028490
53.706000 -1.916000
54.397000 -6.760000
54.350000 -6.708000
53.346667 -6.230278
52.565480 -3.025280
53.336639 -6.265690
51.516100 -0.116600
53.566667 -6.650000
51.470000 -2.630000
53.345279 -6.265375
53.277890 -6.565280
51.814430 -3.327300
54.567500 -5.976944
52.502064 -6.565876
51.495000 -0.056000
52.625996 -7.789971
54.233100 -2.457900
50.678333 -3.455556
51.884350 -2.868780
51.146440 -0.604650
53.891194 -7.350594
51.434800 -1.814300
55.066667 -4.150000
56.396650 -3.882520
54.575410 -3.019410
54.737000 -5.849000
54.306944 -3.110000
52.314100 1.673000
56.171410 -3.605700
52.402000 0.284000
52.700000 -0.866667
54.527222 -3.290278
53.454167 -2.915000
51.277000 0.638130
52.413630 -6.946583
53.356611 -6.257500
51.488800 0.041800
55.088056 -4.491389
52.800300 -6.736900
56.097500 -3.975833
54.750000 -4.833333
57.416667 -5.933333
52.470000 -0.710000
53.900000 -2.219000
54.640000 -5.952500
53.095319 -7.915542
54.595970 -5.934120
54.258600 -5.606700
54.501574 -5.792520
54.488790 -7.736180
50.946944 -3.229722
59.350530 -2.868680
52.510556 -7.889722
53.414000 -2.653000
51.966667 -3.816667
52.888828 -7.160244
54.550000 -7.167000
52.171500 0.611800
55.813333 -4.483333
55.980556 -3.600000
54.750000 -6.460000
54.653750 -3.001220
53.343300 -6.248300
53.112900 -4.320100
54.416667 -5.466667
53.923010 -3.006490
55.116667 -6.050000
52.983333 -3.683333
51.551965 -0.260300
53.366805 -6.178265
54.578000 -5.922000
53.293000 -6.230000
54.353152 -6.649970
54.888056 -6.344722
53.850000 -1.515000
54.956600 -7.720400
54.620000 -6.737000
52.217600 0.100100
51.469650 -2.616130
51.269000 0.035000
53.486079 -2.547154
53.630000 -6.190280
51.440278 -0.243889
50.845840 -1.075120
55.545556 -5.257778
53.371859 -6.267357
50.794000 -1.625000
51.065720 -2.055610
56.955270 -5.001070
53.647220 -7.208201
55.980400 -4.221500
53.339247 -6.257758
53.455000 -7.101000
51.435149 -0.074028
51.867000 -2.249000
53.315634 -6.223251
54.883333 -6.350000
52.251300 -6.341500
53.427120 -6.184386
51.230710 -0.582710
52.217900 0.090400
51.509700 -0.120000
52.263640 -3.372730
50.615833 -2.183889
56.799990 -4.954240
53.350833 -6.259167
53.579722 -6.697222
54.483000 -3.242000
53.487000 -6.152000
54.372308 -7.657642
51.569010 0.248570
56.968120 -2.633190
58.897778 -2.676111
55.866667 -2.083333
52.689800 -6.648600
57.600000 -2.066667
52.349310 -1.453830
53.338056 -6.259167
51.565600 0.217200
51.065054 0.411489
51.355000 -0.672500
54.732000 -5.751000
51.495278 -0.105556
53.410500 -4.491000
53.421389 -6.270000
52.480890 -2.095660
53.590000 -2.220000
57.665280 -2.873440
52.137750 -7.046097
56.504180 -6.013920
54.530180 -3.327350
54.904167 -7.453333
54.383333 -3.033333
52.261400 -7.111090
54.729167 -2.101667
51.867000 -2.249000
51.524167 -0.122500
53.343109 -6.267394
51.179000 -1.828000
50.924910 -1.016800
56.331944 -4.607500
51.752000 -0.336000
53.398889 -6.246944
53.444606 -1.558793
51.962920 -3.143920
56.683333 -4.766667
57.450790 -5.208320
55.089008 -7.478457
51.458148 -0.183430
51.596880 -3.400350
54.033000 -6.133000
53.182950 -3.966300
53.459700 -6.218100
54.219000 -6.179000
52.854656 -4.005119
54.259500 -5.607800
52.129167 -0.950833
53.308611 -1.130278
54.978000 -7.339000
53.156700 -2.273900
53.810833 -1.561111
52.403529 -6.973009
55.973570 -2.605070
54.831842 -5.886269
56.366667 -4.533333
51.148986 -2.249365
53.556667 -2.067778
50.689000 -4.594000
53.350556 -6.240556
53.916000 -1.319000
52.960600 -7.794500
51.410000 0.066667
54.455120 -3.199980
55.055000 -6.004200
51.472000 -2.558000
51.171111 1.102778
54.258795 -5.643421
52.876290 -3.389748
51.410000 -0.084000
51.115900 -0.521200
51.570606 -0.049861
51.364680 -0.023430
53.777500 -6.417500
54.604000 -5.925000
54.345200 -5.845800
50.584000 -4.919000
53.036000 -3.764000
53.326600 -2.250300
52.916667 0.250000
54.414722 -6.151667
52.880110 -3.381910
51.447600 -0.509500
54.215200 -2.748290
55.026000 -7.396000
56.633333 -3.666667
53.230000 -1.300000
54.842000 -6.562000
57.068484 -3.810029
56.066667 -4.600000
51.438889 -0.026667
52.939000 -7.631000
51.650000 -1.883333
53.343056 -6.271389
52.228000 -6.609000
51.430580 -2.513470
51.390200 -0.072800
52.578000 -3.076500
51.730920 -0.035790
52.524900 -1.904200
54.558889 -6.607778
57.370210 -5.563990
50.140000 -5.070000
53.249490 -2.080890
54.864167 -6.284722
52.786000 -7.789500
51.393611 -0.146944
57.068333 -2.924722
50.618300 -2.246900
54.462000 -7.486000
51.075000 -0.933333
53.330300 -6.238200
51.573000 -4.031400
51.350400 -0.368810
56.897778 -5.467222
53.407000 -2.542000
55.707500 -3.570200
50.658530 -3.280290
51.805000 -3.359667
50.898333 -2.642500
54.735000 -6.136000
52.373700 1.071800
50.900556 -0.106944
54.485060 -2.967770
54.054000 -0.768000
54.612500 -3.062700
50.967500 -0.954200
53.391700 -1.516600
51.450800 -0.058500
50.714769 -1.754911
53.331111 -6.278611
52.966667 -6.150000
51.583333 0.800000
53.954344 -1.731003
51.955270 1.160430
54.927000 -6.965000
57.004340 -3.458660
55.608333 -4.185833
54.369440 -3.137440
50.070890 -5.196150
50.414000 -4.520000
55.639539 -5.221878
52.870516 -3.495035
51.753357 -1.253988
53.333333 -6.350000
53.338475 -6.252900
51.852600 -3.617300
51.271300 -0.591400
53.627600 -2.153200
54.216000 -6.530000
50.620700 -2.269000
54.182000 -7.361000
53.568094 -1.377070
51.255930 -2.318070
50.887410 -2.253000
54.602964 -5.891319
52.738640 1.496040
53.333333 -3.966667
51.576744 -0.101419
54.600556 -2.234444
51.151000 -0.243000
54.300000 -5.550000
55.132778 -6.660278
50.943810 -3.083140
51.018950 -2.069810
52.541153 -6.954664
56.974240 -6.291680
54.639850 -3.050460
52.395611 -6.945076
50.548800 -3.817500
58.300000 -5.250000
52.522900 -3.770100
51.506400 -3.175100
55.753944 -4.614667
51.623300 -0.344700
53.338889 -6.252778
55.818056 -6.331944
54.513000 -2.851000
54.490000 -7.310000
54.334000 -6.684000
52.109000 -3.218000
51.503800 -0.118400
50.603700 -2.447700
53.344794 -6.251028
58.797340 -3.100540
55.674600 -2.582300
54.419722 -3.066111
51.516500 -0.145000
53.491000 -7.680000
54.462000 -5.444000
54.521000 -5.747000
51.592000 0.259000
51.521320 -1.161120
53.619600 -2.541100
51.531731 -0.066610
50.416000 -3.556000
54.419700 -7.051000
54.091500 -2.506400
53.756200 -2.495360
53.357892 -6.259949
57.098800 -5.639500
55.053000 -6.946000
51.618500 -0.162400
53.743123 -2.519150
53.240395 -1.823151
53.778700 -6.481160
51.400590 -1.419200
53.204167 -6.100278
53.864300 -2.519300
50.650000 -1.465000
55.940000 -3.150000
50.516000 -4.835000
54.671000 -6.226000
52.600100 -3.841800
54.575556 -2.013056
52.204370 0.114040
52.841800 0.243100
52.361111 -7.699722
56.837222 -5.680556
52.290000 -2.790000
54.216802 -7.043467
51.059240 -1.785920
53.700000 -7.000000
54.368000 -2.952000
54.352500 -6.658800
54.256930 -3.329300
51.488333 -0.188611
51.916667 -0.033333
53.719000 -1.694000
50.664800 -4.719200
51.300000 -2.733333
51.584910 -2.356450
53.405253 -2.876370
55.133611 -6.037222
54.283333 -5.716667
50.823500 -1.122800
55.043700 -7.249000
53.525000 -6.670000
53.486111 -6.167778
53.229497 -6.863311
51.528540 -0.000400
56.740860 -4.983940
51.959722 -4.715833
54.580900 -5.978800
56.166500 -4.846300
51.610500 -0.270700
52.523210 -1.352930
54.477778 -7.732222
53.350000 -6.262500
53.402893 -6.398721
53.417100 -6.395500
52.943333 -6.886944
57.097447 -5.236745
50.395100 -4.426300
54.343375 -6.661447
54.288007 -7.920188
53.340312 -6.261601
52.271800 -3.178900
54.689000 -7.079000
53.660000 -2.310000
51.856100 -3.543000
51.425200 -0.184900
51.191900 -0.640100
52.666667 -6.833333
50.717000 -2.074000
51.403570 -0.326550
54.459400 -1.994300
54.570070 -5.964120
51.125000 -0.893000
52.500000 -0.900000
50.630600 -2.308000
51.659722 -0.416667
54.451000 -7.713000
53.318000 -1.533000
52.400300 -3.979800
56.850000 -5.849000
53.600000 -0.500000
52.233333 -6.966667
51.484530 -2.228930
54.597366 -5.706346
55.007207 -7.489157
54.565000 -1.235000
54.966667 -7.683333
50.537700 -2.427300
52.233333 1.616667
54.128000 -6.127000
54.180500 -6.410900
52.166667 -7.516667
50.976700 -2.182000
53.348611 -6.530000
51.500278 -0.158611
52.874000 -3.648000
54.573000 -6.752000
51.461700 -3.447300
54.977000 -1.450000
51.429000 -3.351000
51.568850 -4.033360
55.756389 -3.408056
53.310400 -3.372200
54.451000 -2.869000
52.900833 -3.773056
51.751220 -1.254050
54.657000 -1.677000
53.261000 -2.128000
53.404000 -2.542000
55.723694 -3.508972
50.411830 -3.894320
54.377660 -3.123810
53.185300 -6.808300
54.250000 -5.633000
54.533333 -6.816667
50.939800 -1.901750
52.154330 0.173630
54.587500 -3.262670
53.160000 -7.190000
52.571000 -3.039000
55.233333 -3.800000
52.947778 -6.892778
54.752000 -6.593000
53.395000 -6.162000
54.718000 -5.826000
54.078169 -1.241267
52.234167 -7.243611
54.408820 -2.181760
55.550000 -1.916667
52.475000 -3.745800
53.724367 -0.862262
51.392778 -0.488889
52.241000 -0.910000
56.941667 -5.672500
54.317778 -2.233333
54.540278 -5.950000
52.436500 -1.733600
53.509000 -2.327500
51.515700 -0.155700
54.545800 -3.248800
51.570000 -0.290000
51.933333 -3.656667
54.157000 -2.933000
52.045700 -4.523800
56.857200 -4.289500
57.246667 -6.210278
52.327300 -7.983900
52.749614 -7.315992
54.990000 -7.374000
52.565400 -1.990700
52.513289 -6.283740
51.437460 -2.355300
57.211000 -6.016000
51.361590 -0.161060
50.903630 -0.852270
54.607850 -2.894820
53.332222 -6.270000
53.031602 -6.255121
53.289100 -1.980400
54.876000 -1.419800
54.588400 -5.932800
51.618300 0.246392
54.600000 -5.925500
52.495000 -2.816000
54.571000 -3.242000
54.567000 -5.967000
51.300000 1.383333
53.416944 -6.464722
57.236510 -5.710240
52.215700 0.112218
56.066667 -4.533333
51.392280 -2.773190
54.190580 -6.576440
53.166944 -1.764444
54.427000 -6.008000
51.640833 -3.007500
53.076000 -2.976700
52.489366 -6.928851
52.495250 -2.119260
54.689470 -3.129310
57.483333 -4.233333
54.416067 -1.201258
50.993000 -1.059000
56.959930 -3.244780
50.653050 -4.617520
50.807700 -2.873600
54.866667 -3.283333
53.115833 -4.025556
52.200119 0.131839
57.251667 -2.820278
57.028900 -4.850420
51.994360 1.388170
54.588400 -5.932800
50.994680 -2.049820
51.494000 -0.271000
54.903056 -1.678056
53.112450 -1.688770
55.130000 -6.330000
55.057500 -7.404167
53.348544 -6.253147
57.151111 -2.077500
54.488889 -2.852778
52.200520 0.136552
53.300000 -7.366667
56.669080 -3.220490
54.652300 -5.805000
54.540000 -3.236000
55.511270 -2.539920
52.642170 -1.633450
54.721944 -6.230833
53.354225 -6.264156
51.666667 -4.500000
51.111460 -1.824240
52.633333 -7.066667
52.521944 -6.745000
53.846000 -1.600000
53.147290 -4.002050
56.231000 -4.836000
51.515220 -1.841430
54.589000 -1.248000
52.340000 -6.780000
55.970000 -5.650000
51.463960 -0.167780
54.263282 -7.730105
54.293636 -1.982222
54.833100 -7.478700
54.577500 -2.875100
54.999000 -7.303000
51.128000 0.879800
55.074190 -6.133020
50.850340 -2.332350
50.595100 -1.952800
53.347778 -6.259722
53.107800 -6.861200
52.279000 -1.169000
59.075556 -3.542222
54.593260 -3.033790
58.108780 -5.206140
55.183000 -7.971000
51.559000 -1.782000
53.307765 -6.566920
53.471100 -6.232500
55.008000 -1.546000
50.668030 -2.515010
54.599000 -5.931000
53.022020 -4.221400
51.042694 0.104208
51.646000 -0.273000
50.109144 -5.618209
51.050000 -0.197000
56.997800 -2.199200
53.030900 -7.300800
52.270000 -3.170000
54.631111 -6.153889
54.155278 -2.249722
51.513800 -0.078000
53.340278 -6.258178
54.650000 -7.316667
52.242222 -6.951667
51.446405 -0.303600
54.403019 -2.222681
52.765000 -6.234000
54.572000 -3.250000
52.216667 -7.433333
57.421167 -4.653333
51.552778 -3.578333
51.403820 -1.961140
53.610600 -7.092500
56.747222 -5.747222
52.150000 1.500000
54.291000 -7.783000
56.567370 -4.159560
52.880110 -3.381910
54.425208 -1.131806
53.352500 -6.262500
54.187000 -6.378000
54.484400 -3.322780
53.183360 -3.928470
51.641200 -0.193700
51.508667 -0.187936
56.468000 -4.698400
53.349000 -6.303100
57.500000 -6.666667
51.831230 -3.271190
55.120000 -6.348000
54.275570 -2.859960
55.152040 -4.481080
53.336371 -6.235284
51.618270 -0.117610
52.420833 -1.115278
54.398611 -7.651944
54.100000 -6.483333
52.663333 -0.782778
52.350000 -7.416667
54.774158 -5.752716
54.015230 -7.528940
52.635400 -3.907000
52.970000 -1.050000
53.357400 -1.797200
50.645780 -2.022580
51.556100 -0.055000
51.607030 -1.955190
50.596000 -1.226000
52.892500 -1.149700
54.604976 -5.831997
54.183000 -2.125900
55.733333 -3.083333
55.200000 -7.617000
49.931667 1.085833
56.243390 -4.230510
51.216000 0.429800
53.400000 -2.566667
54.550000 -6.600000
52.500000 -1.450000
52.085000 -7.566940
52.166667 -7.400000
51.371350 -1.839050
52.874000 -6.493000
54.129550 -1.933972
54.866667 -4.400000
53.627222 -2.465000
50.884444 -2.942778
54.796430 -5.703040
52.983333 -3.683333
51.757778 -1.262222
56.006000 -2.568000
52.479758 -1.937094
55.863530 -4.263170
53.329000 -2.385000
53.374778 -6.258538
56.450000 -3.060000
51.288200 0.057188
51.313769 -1.324496
57.464056 -1.906725
53.522000 -6.089000
54.346667 -7.641111
53.929300 -6.990700
53.400000 -1.800000
51.508000 -0.076200
54.557000 -7.118000
51.628000 -0.055000
53.596500 -0.852800
51.670000 -0.445000
53.460259 -6.219985
53.500000 -2.500000
49.931400 -6.287400
53.408000 -1.501400
53.011000 -6.108000
53.839000 -1.588000
51.686000 -0.017900
53.438333 -2.142222
54.784722 -2.280556
53.343889 -6.275278
54.666111 -5.705833
54.996155 -6.180367
54.687000 -6.753000
54.332222 -6.366389
50.928800 -3.363100
54.456000 -5.543000
54.927500 -1.834300
56.241640 -4.685090
52.066667 -3.516667
51.401000 -0.220000
54.347300 -7.805000
52.322000 -0.892000
54.594000 -5.953000
52.700000 -6.907000
54.372500 -2.491667
53.170000 -2.144444
54.808000 -6.519000
50.616667 -4.300000
52.454800 -1.921100
51.762100 -1.254567
58.570556 -3.272500
54.433000 -6.598000
54.557600 -3.137800
51.251500 0.119300
51.946770 -3.390860
52.524050 -1.914470
51.565810 -4.146790
51.430640 -2.497650
54.348953 -6.269975
52.979220 -3.998740
51.659800 -0.177500
54.083330 -6.450000
52.395454 -1.792531
54.602840 -5.895590
53.314444 -6.219115
52.819000 -2.314000
51.464703 -0.093729
54.926389 -2.793611
55.950000 -3.200000
53.709444 -6.278333
56.416667 -4.933333
54.490040 -3.299800
50.668000 -1.112000
53.262700 -6.113000
57.421480 -4.652680
54.462000 -6.083000
53.171310 -1.999960
53.724500 -7.795000
54.229000 -6.080000
50.844739 -2.480136
51.537500 -3.761389
54.999958 -7.328460
54.100278 -4.574722
54.553549 -7.817717
51.490700 -0.593100
53.661000 -1.900000
51.226528 -0.482583
54.993889 -7.323056
56.190630 -4.633170
51.945660 -4.774610
54.866667 -7.444167
55.337572 -3.336111
54.284167 -2.122778
52.787875 -3.688361
51.341500 -2.256930
53.387000 -6.380000
54.383889 -2.975278
51.466667 -3.183333
53.460000 -1.862600
54.861389 -1.986667
54.460510 -5.824642
54.258000 -0.370000
54.207000 -6.370000
53.795870 -1.500510
53.366700 -3.166800
52.114540 -2.339140
52.216667 -6.766667
53.137230 -4.012050
52.437619 -3.914903
55.902550 -4.264240
53.414000 -6.830000
54.288470 -2.938570
51.315278 0.514722
53.918889 -1.861944
50.836167 -1.063833
51.589444 -0.091111
52.140772 -7.272000
52.022900 -3.102700
53.360750 -6.251333
54.505556 -3.240833
52.829700 -7.161650
51.077420 -1.989960
58.253170 -4.879910
51.422000 -0.519100
51.178889 -1.825278
53.307778 -6.413056
53.100000 -4.550000
50.714000 -1.227000
51.064800 -1.910040
54.000014 -6.265731
57.315900 -5.634100
56.188056 -4.947778
59.116111 -3.234167
51.621332 -1.295415
51.940000 -4.821000
54.234500 -3.049100
50.833333 -2.333333
54.990550 -7.894520
51.661500 -3.802400
52.716310 -2.679440
52.233889 0.144444
54.103000 -4.765000
52.310000 -6.750000
54.523000 -1.322000
53.385504 -1.398418
51.392720 -0.356420
51.499167 -0.129167
54.178000 -6.336500
53.326509 -7.685452
53.137172 -4.262414
54.931000 -1.734000
52.159000 -0.115000
51.674300 -0.078700
52.841861 -7.127722
51.634000 0.417000
55.785000 -4.052000
55.398139 -4.489472
53.666667 -7.750000
54.068720 -2.876010
55.975330 -2.924250
50.034800 -5.264100
54.633900 -2.466300
56.738550 -4.731900
53.280000 -6.232000
53.805000 -1.519000
52.943600 -7.042200
55.033000 -1.418000
51.706000 -0.610000
56.732222 -3.021667
53.654038 -6.788934
52.220000 -0.890000
54.562300 -3.191300
54.816667 -4.250000
53.045278 -4.163889
55.120050 -4.417930
54.372777 -6.285458
52.767500 -7.896389
52.534200 -3.662400
54.587000 -5.899000
56.010140 -3.676470
52.676902 -6.291733
55.132000 -6.668000
51.883280 -3.436840
51.457000 -1.104400
54.535000 -5.560000
55.084490 -7.476622
52.463056 -7.328611
55.969100 -4.661800
51.572000 -0.221000
53.391000 -6.241000
53.340922 -6.316619
51.608700 -4.268100
57.525000 -7.650000
52.570000 -1.980000
52.622000 -1.120000
54.600000 -7.302000
54.522000 -7.500000
55.016667 -7.433333
55.504040 -2.587790
55.018478 -7.292475
51.988000 -2.127000
57.103433 -3.627133
54.497370 -2.886220
53.031978 -6.251331
57.689722 -5.457500
53.535200 -2.345500
55.940500 -3.131280
51.871500 -3.011600
53.295556 -6.258333
51.766667 -4.283333
53.329200 -2.958500
55.060833 -7.016389
54.580833 -1.502500
51.565000 -3.985000
54.522778 -6.029444
51.843700 -4.375200
50.830000 -2.397000
53.372778 -6.205000
53.175000 -4.058300
51.485840 -2.540580
54.464000 -7.635000
53.401179 -6.245063
54.279100 -2.327090
52.007222 -3.056667
51.539560 -2.102320
53.346193 -6.256840
54.496000 -3.212000
54.591000 -5.680000
54.872123 -7.465267
53.785000 -2.227000
52.265081 -7.118433
53.369900 -6.506900
53.110000 -3.863611
51.838200 -3.953000
53.705700 -1.557300
52.617510 1.722030
51.325000 1.253000
52.203000 0.131000
51.000000 1.450000
53.382663 -6.182288
54.332778 -5.733333
53.086000 -4.019000
54.653333 -6.560833
56.783333 -7.644722
57.484960 -5.379890
53.998461 -7.361012
55.640000 -5.475000
52.525300 -2.062400
51.069970 0.395080
53.329842 -6.271750
56.342200 -4.562850
55.024437 -6.938100
54.263333 -3.141667
54.253000 -6.651000
56.873333 -3.465278
52.129000 -4.091000
52.314500 -3.780000
55.416667 -5.550000
54.633333 -1.150000
54.350000 -6.833000
51.558720 -3.169860
50.650000 -4.050000
51.316200 0.856500
54.889370 -6.244097
53.332500 -7.822222
53.404000 -2.582000
52.696583 -1.405275
53.998944 -6.416917
54.416580 -5.466640
56.453857 -3.992062
52.683333 -2.650000
51.109300 -4.184200
52.515850 -7.889764
51.016667 -4.533333
56.216667 -4.400000
51.690000 -0.010000
56.775000 -4.933333
57.300000 -4.800000
51.091286 -1.345396
57.246000 -4.418000
52.500000 -4.416667
50.568422 -4.642397
51.577222 -0.193611
54.555030 -2.867370
54.393000 -7.748000
54.250000 -2.800000
56.583333 -3.566667
51.576456 -0.058494
53.930000 -7.490000
54.598300 -5.925300
51.428200 -1.218920
57.036000 -2.231000
53.769167 -7.162500
53.301500 -6.177800
54.437630 -6.001970
53.630618 -2.096415
55.980556 -5.755556
53.566667 -7.766667
54.486111 -2.775556
54.238056 -2.991667
54.466667 -3.450000
51.550278 -0.101667
55.516667 -4.166667
53.623431 -2.042300
54.907500 -6.667220
52.896920 -2.748820
57.153110 -5.579450
54.845000 -5.787000
52.641519 -7.749159
51.649180 -0.086820
50.966700 -2.811000
55.380833 -4.756945
57.900000 -6.666667
53.325600 -6.343010
53.106967 -6.762521
53.366500 -3.182700
51.015180 -1.784690
52.912040 -6.837570
51.200000 -0.910000
51.347100 -2.097600
51.563440 -2.318770
53.678300 -0.524900
56.320278 -5.978611
51.893900 -3.136900
53.454500 -6.925200
53.552241 -6.793413
52.157000 0.813000
54.781500 -1.518800
50.595000 -2.077222
54.089167 -0.659167
59.023820 -4.508460
54.983333 -1.616667
54.368760 -6.451390
54.402865 -6.240470
53.354000 -1.474000
54.354000 -6.149000
54.581000 -0.977000
53.191389 0.347778
54.550000 -6.733333
54.392080 -2.620600
52.451500 -2.404800
50.665000 -1.525000
55.885020 -4.273060
54.533260 -3.009090
51.621667 0.129167
57.081500 -2.920000
53.354714 -6.278117
52.206300 -2.715500
54.583333 -5.866667
53.540833 -2.263611
55.926500 -3.199000
54.750000 -7.416667
54.953056 -7.731389
52.171900 0.612700
55.142000 -6.605000
54.506000 -6.044000
52.844200 -7.392500
51.236000 -0.230000
54.605920 -5.920100
54.628300 -2.607800
53.351111 -6.260556
51.674400 -2.098900
52.916667 -6.416667
51.588900 -0.046600
51.357630 -0.593900
54.512860 -2.976150
53.368000 -6.256000
52.253100 -6.335300
56.228611 -3.666944
54.495000 -5.459000
57.054150 -3.711220
50.807000 -2.525000
57.499800 -5.170100
54.851667 -1.955556
54.951656 -7.428532
54.524167 -6.051667
56.566085 -5.168387
51.736000 -5.245000
51.520300 -0.689200
53.896000 -1.838000
52.800000 -6.466667
54.268333 -2.930000
59.134167 -3.205278
51.379500 -0.874500
51.452910 -2.606800
56.570560 -4.470670
50.565210 -4.951120
52.724167 1.640833
53.860278 -6.377778
53.367455 -3.100934
56.433333 -3.000000
54.704722 -3.162500
51.624000 -0.346000
52.542222 -1.274167
51.547500 0.258500
53.255400 -6.113100
51.396690 -3.500390
50.870900 -4.456800
51.170020 -1.929860
53.343547 -6.261039
51.297940 0.586250
54.291200 -0.410100
51.750000 -3.583333
55.223333 -6.639444
53.944000 -2.267200
53.798000 -1.576000
53.408917 -2.981714
53.450000 -2.350000
54.597000 -5.930000
55.034347 -6.623464
54.440200 -6.458930
53.974000 -7.993000
56.113090 -4.080960
53.883333 -2.533333
51.369000 -0.054000
53.300000 -6.500000
54.316667 -6.133333
52.218000 -6.403000
57.529430 -4.560280
54.229400 -2.601500
53.370000 -2.110000
51.523056 -0.129167
51.753950 0.594330
55.316667 -2.216667
54.476000 -3.113000
51.375960 -1.848221
55.899000 -4.308000
51.058400 -0.690060
54.286700 -6.966400
56.229000 -3.667000
52.926300 0.026600
53.535000 -7.787000
53.390175 -6.299629
54.705000 -3.060000
54.463350 -6.286670
57.325278 -5.694444
54.693000 -5.927000
54.679910 -5.888672
53.260694 -6.310925
51.592000 -0.184000
50.999417 0.012917
51.520000 -0.040000
57.218910 -4.460820
51.521500 -0.150000
51.488000 -0.135000
51.323800 -1.976990
54.184167 -2.467778
52.854992 -3.378539
51.745000 -2.708000
53.400000 -1.500000
50.752000 -2.039000
56.430000 -4.760833
54.224500 -2.740700
53.451594 -6.151747
54.672778 -5.904444
57.523090 -5.593950
55.178130 -7.932630
54.261004 -7.727313
51.636720 -1.928750
52.750600 -6.909700
52.030200 1.211000
53.858200 -3.028600
54.396650 -6.175860
51.573667 -0.050333
54.685000 -1.241000
54.579000 -7.197000
53.770000 -1.508000
53.850000 -2.816667
53.329000 -6.355000
58.116667 -5.133333
52.144243 -0.216354
51.340000 -0.261500
50.134700 -5.107400
52.269000 -7.208000
54.800000 -7.790000
51.867900 -3.776700
54.442000 -3.335140
52.466667 -1.679167
53.281550 -3.627320
55.583333 -4.650000
56.527444 -5.339222
50.905200 -1.385650
51.245705 -0.563288
51.309950 -1.288360
54.048900 -2.785600
53.361000 -1.542000
53.416667 0.216667
54.633611 -5.535278
52.530800 -6.473300
54.893611 -6.206111
51.113560 1.137510
53.649180 -3.017070
53.422000 -4.608056
50.350000 -4.633333
54.464000 -3.194000
52.550930 -1.806816
52.974620 -4.437920
53.327000 -2.706000
53.244000 -4.150000
53.227100 -3.476300
54.460000 -5.830000
55.196389 -6.661389
52.070000 -7.825000
52.317270 -1.341270
53.701400 -6.246100
55.381110 -2.201980
54.580531 -6.912872
51.512778 -0.162222
51.468000 -0.980000
54.747222 -2.138889
54.381800 -2.832200
53.386000 -2.924000
51.547490 -1.780750
56.833333 -2.266667
52.360500 1.196900
52.050000 -7.583300
51.400000 -0.393000
54.834167 -5.726111
53.270000 -6.205000
51.482477 -0.175301
54.898889 -5.861111
53.339722 -6.278889
55.023151 -7.729225
50.983000 -2.145000
53.055600 -6.703900
50.801900 -2.077480
54.783889 -6.556389
56.872390 -3.368200
54.258333 -5.605556
50.611270 -3.358680
51.518889 -0.122778
54.375000 -5.899000
50.732710 -2.264920
54.468000 -6.383000
54.388333 -3.204167
54.793240 -2.548970
50.625278 -2.466944
55.168000 -6.879000
53.033300 -7.017700
53.864220 -7.205572
53.818000 -3.013000
54.601900 -5.906400
56.723333 -6.201667
55.489700 -3.199400
52.809000 -1.919000
51.424167 -0.230833
53.405278 -6.063611
53.283333 -3.450000
59.073472 -2.803056
54.597340 -5.924180
52.216667 -6.983333
51.863500 -3.498800
56.815000 -4.874000
51.517500 -0.160833
51.486000 -3.214000
51.420000 0.140000
54.366667 -6.333333
54.516667 -7.833333
53.032317 -2.270933
50.739722 -2.856111
51.148900 0.880200
55.121000 -6.329000
51.461800 -0.113000
53.281389 -6.123889
50.584900 -3.642100
52.783500 -2.537200
53.112778 -3.806111
52.880110 -3.381910
55.458333 -3.430556
53.459810 -6.768609
56.796850 -5.003508
54.323700 -2.787160
52.650278 -7.249167
57.366667 -5.516667
54.331000 -6.823000
54.194000 -6.144000
52.366667 -0.833333
51.459380 -0.193570
53.305556 -4.480556
53.608593 -2.304844
54.600833 -2.793333
53.684000 -2.699000
55.066667 -6.513889
50.843600 -2.506400
51.505200 0.490200
54.650000 -7.350000
53.087000 -2.714000
54.511600 -6.035000
53.021240 -4.123220
53.533019 -1.857392
54.505680 -2.855520
52.352000 1.634000
58.520000 -4.400000
52.205833 -0.596944
56.339200 -4.625100
53.202730 -1.896660
53.745080 -0.336090
52.377000 -3.850000
55.123460 -6.468990
54.750000 -3.666667
56.162700 -4.964400
54.482640 -2.808730
54.922000 -6.953000
53.054000 -2.300000
55.522550 -4.189080
54.993583 -6.478544
51.502800 -0.007500
51.708680 -0.222680
54.345000 -7.640000
52.597830 0.009470
59.166667 -3.033333
54.645000 -3.165000
54.459722 -6.268611
54.400000 -7.650000
54.974000 -6.937000
54.848056 -5.798611
53.290000 -6.266944
57.533333 -4.666667
52.677000 -6.292000
54.401000 -3.098000
50.280450 -3.870620
54.374758 -5.599467
54.077300 -6.608800
53.083333 -3.800000
53.545051 -1.088677
54.483333 -5.533333
51.524444 -0.118611
53.382740 -6.195002
54.555440 -3.318890
55.074000 -6.931000
55.116667 -4.438889
52.824700 -6.568900
53.386000 -6.066000
53.694547 -6.447100
51.435000 -0.306000
51.565600 -0.698900
54.350000 -7.796000
51.816667 -3.783333
54.100000 -7.320000
55.750000 -3.250000
54.470420 -3.103210
54.780000 -1.397500
54.500000 -7.270000
54.505000 -6.066000
54.155200 -2.466800
52.366667 -7.166667
52.880110 -3.381910
57.850000 -4.866667
53.673121 -6.239548
56.850000 -5.233333
50.732000 -1.790000
51.511667 -0.137222
57.247350 -6.194020
57.564500 -4.580500
54.382400 -1.934700
56.083333 -4.566667
51.571200 -0.100900
58.201667 -6.894167
54.230000 -7.444000
55.131000 -6.329000
56.835500 -4.330000
50.673600 -4.729500
51.474722 -0.180278
53.383000 -6.423000
53.132500 -3.870000
56.049900 -4.149810
53.338954 -6.241174
53.916667 -7.583333
52.635000 -1.176000
54.505420 -1.107360
53.591389 -7.642778
54.865000 -6.621667
57.766650 -6.975370
53.664300 -7.019400
50.678000 -3.452000
51.750530 -0.081960
54.344000 -7.633000
53.325000 -6.265000
54.433600 -6.299000
56.424732 -6.013333
53.325000 -1.993611
53.374800 -3.131500
51.495278 -0.160556
56.397040 -4.811100
52.491000 -1.915000
52.917570 -3.746010
54.762000 -7.246000
54.421027 -6.458244
52.951190 -4.007870
53.554900 -2.158300
55.196739 -7.553042
53.386720 -6.248280
54.100000 -6.300000
53.352275 -6.259278
53.348194 -6.265833
53.683210 -7.327850
51.568190 -4.115160
54.599444 -5.836667
53.168056 -1.628889
54.699000 -6.031000
51.530239 -0.191394
52.722647 1.514675
56.488889 -4.613889
54.995556 -7.321944
54.793610 -6.784170
53.073100 -7.795600
53.760000 -1.388000
51.516700 -0.152720
57.498590 -5.407860
56.335672 -3.082858
50.116000 -5.537000
51.221000 0.020000
53.066667 -6.233333
54.466667 -6.266667
52.750000 -1.333333
55.956247 -3.198928
53.585900 -2.399400
57.057900 -6.545640
55.001000 -7.326000
52.783333 -3.116667
51.808200 -1.639800
54.737000 -6.108000
54.083333 -2.716667
58.412100 -4.886030
53.165278 -6.845278
52.585040 -7.824410
52.816560 -3.290320
53.090560 -6.601956
53.933333 -7.416667
51.537000 -0.038000
52.967000 -2.681000
53.471600 -1.550600
54.899000 -6.116000
54.787000 -7.489000
54.542222 -6.041667
53.879000 -2.150000
50.937380 -2.604790
54.640000 -5.676000
51.220469 -3.549994
50.726428 -2.841150
54.263000 -0.405000
54.166700 -6.483333
49.891389 1.130833
55.116667 -3.400000
51.265100 -0.099000
53.347900 -6.239600
51.490560 -0.232980
54.799989 -6.028463
52.607900 -7.766200
55.766667 -3.416667
55.060400 -6.061100
51.898000 -0.717000
51.521400 -0.312100
53.445140 -1.719930
51.545800 0.129100
50.813600 -0.363300
54.683333 -6.133333
54.324000 -5.703000
53.477296 -1.223187
55.021667 -2.328889
55.001495 -7.898838
56.560000 -3.618000
53.335500 -6.234600
53.397460 -2.972990
53.339167 -6.253611
52.581800 -1.187100
51.620000 -4.137000
55.713611 -5.255833
53.402300 0.206400
54.566270 -3.229530
54.137000 -5.996000
57.564329 -5.462121
54.320000 -6.530000
55.913428 -4.163132
50.839200 -0.776000
53.922000 -7.866000
53.070000 -1.130000
52.846000 -7.401000
55.675900 -3.825480
51.371170 -0.089240
52.466000 0.585000
56.462500 -4.317500
53.379267 -6.417456
51.984000 -3.068000
54.801667 -1.400278
53.270278 -7.499722
57.333333 -7.333333
51.995600 -0.986800
54.379858 -6.017976
57.033120 -2.143110
51.451389 -0.085000
51.619500 0.199000
53.740700 -1.321650
52.600240 -0.346951
54.464210 -3.277380
53.855833 -2.281111
51.510000 -0.593056
56.743300 -5.031570
51.564900 -0.078100
53.395434 -7.720556
52.696322 -1.101336
51.375000 1.266667
50.283000 -3.653000
53.280000 -6.444000
53.970000 -6.490000
55.966667 -4.316667
53.252000 -3.193000
53.125000 -4.000000
53.451594 -6.151747
54.160910 -1.998430
52.025300 -2.352000
54.731942 -6.270327
54.598750 -5.927620
52.420000 -0.750000
56.966667 -2.200000
51.395280 -1.272660
52.256667 -7.129167
54.250000 -6.900000
51.697880 -5.280470
53.580000 -2.299000
54.463650 -3.329820
51.346000 0.889000
53.065200 -3.779100
55.950000 -5.194000
58.020000 -5.370000
54.006000 -0.440000
53.324000 -6.329000
53.323081 -2.270222
54.464300 -6.076000
54.238000 -1.215000
53.346347 -6.258025
54.516667 -6.633333
56.390000 -3.160000
52.089819 -4.136100
50.816667 -0.266667
54.406667 -1.039722
56.390400 -4.774300
52.770000 -0.020000
54.497500 -1.903333
53.873000 -2.391000
51.066667 -4.333333
51.651700 -0.202800
54.352255 -6.660376
51.753889 -1.204444
51.501667 -3.180833
50.840170 -2.424540
51.361000 -0.067000
54.099095 -6.248990
51.753650 0.658150
55.198000 -6.635000
54.633056 -6.515278
50.447000 -4.943000
51.429000 0.028000
52.602910 1.269050
52.397580 -2.602520
54.515400 -2.878890
57.806080 -4.977170
56.365060 -2.848210
54.408333 -6.745000
53.341944 -1.778333
54.433000 -3.159000
53.150000 -4.266667
52.103460 -0.270040
50.711900 -2.965500
51.854600 -3.932500
51.393000 -0.212000
56.628000 -4.685000
55.073400 -7.002300
51.657000 -3.461000
51.116111 -0.716111
55.706900 -6.036100
53.627500 -6.533056
51.387000 -0.203000
59.000000 -3.250000
52.345000 -3.051000
51.127400 -0.150200
54.533333 -5.833333
53.588900 -2.552870
51.590977 -0.228724
54.555080 -2.978700
51.833333 -5.083333
56.577778 -3.550000
54.384000 -7.705000
51.717750 -3.848730
53.784000 -1.522000
54.500000 -6.516667
53.208000 0.023000
52.961000 -7.202000
51.703000 -0.602000
52.900890 -3.373650
54.432700 -3.282570
53.270400 -4.253000
51.515160 -1.803960
52.979700 -7.568600
51.094250 -0.178014
53.223000 -6.216000
56.140000 -3.490000
53.282000 -2.671000
54.070800 -7.679700
53.043300 -3.061000
53.050000 -0.950000
51.540000 -0.170000
53.345000 -7.051160
51.704000 -0.708000
51.475300 -3.174000
54.705860 -3.106490
53.293593 -6.153060
56.132222 -4.855833
52.410000 -1.780000
53.396590 -6.126640
51.492300 -0.886800
54.139740 -1.006560
55.619028 -4.661667
53.610000 -2.110000
54.100000 -2.616667
52.965270 -7.369830
50.385761 -4.151444
54.872800 -7.597000
54.561050 -3.017510
56.963340 -4.374890
51.604000 -0.169000
51.767940 -3.936350
52.633806 -1.126907
54.994000 -7.326000
53.395805 -6.439654
55.086111 -7.005000
56.622100 -4.225300
51.622440 -2.428970
51.885000 -2.143000
51.999200 1.261300
51.928900 -3.597500
54.350000 -3.066667
52.880110 -3.381910
54.395660 -3.121230
50.725800 -3.530900
58.044000 -5.208810
53.269400 -4.273900
53.833300 -7.916700
53.342315 -6.348724
54.654000 -5.930000
53.339722 -6.271944
53.386807 -6.081035
54.542000 -6.694000
58.029450 -5.150910
55.616944 -4.473056
53.667170 -2.537250
51.876200 -3.401000
54.585000 -5.937000
56.700100 -5.756900
53.383333 -1.466667
51.729500 0.687900
53.135350 -1.952130
52.707000 -2.762000
55.122085 -6.464188
58.623056 -3.535000
53.339350 -6.266094
51.881440 -3.708480
54.514000 -3.015800
54.349900 -6.654600
56.141667 -3.954444
54.290660 -1.969490
54.505790 -2.148670
54.062778 -1.847222
54.301000 -6.640000
54.746000 -6.306000
52.852000 -6.672000
52.400000 -1.980000
54.296000 -7.871000
51.299000 -0.723000
57.013700 -2.273400
54.522290 -3.130870
53.305404 -6.198457
53.100970 -4.029780
51.771111 -3.595278
54.858200 -1.566100
51.314400 -1.361430
56.250000 -3.416667
52.426620 -0.160852
54.372490 -3.363820
53.457000 -2.942000
51.520890 -0.086490
51.100000 -0.950000
56.901260 -3.513750
53.813333 -1.712500
54.650000 -5.816667
51.719722 -3.568333
54.437100 -3.008260
58.672500 -3.375278
51.504167 -0.143611
51.680170 -3.778010
54.656000 -3.248000
52.686000 -2.193000
52.671300 -6.292000
51.771710 -0.711540
52.194455 -6.560512
51.618206 -4.904253
54.302000 -6.010000
54.955556 -6.968611
52.000000 0.900000
50.666470 -1.541500
51.570000 0.200000
54.323808 -5.676714
52.619500 -3.991500
56.138200 -3.918150
53.307346 -6.624854
51.835278 -3.003333
54.647700 -6.618400
54.100000 -2.650000
51.455556 -0.003333
58.366667 -4.233333
50.965340 -1.632550
54.592000 -5.963000
53.797305 -1.622221
54.809000 -5.864000
54.475480 -3.040070
55.750000 -6.350000
53.363600 -7.498500
53.476000 -1.947000
52.200200 1.202400
54.772636 -1.557431
57.146944 -2.103333
54.291200 -7.875900
54.599600 -3.182400
51.485400 -2.241900
53.347700 -6.290300
54.246700 -2.460700
52.883333 -3.633333
51.807778 -3.098056
55.250000 -7.270000
53.106300 -6.064500
55.970000 -3.171111
51.750230 -0.012360
53.343333 -6.255556
54.462740 -2.826850
52.672900 -7.712620
52.450000 -1.916667
51.497000 -0.238500
55.029000 -6.648000
53.288280 -6.751720
53.137778 -1.438333
52.441450 -2.912060
50.464300 -4.150600
54.530590 -6.063940
54.600833 -5.924444
55.054444 -7.020000
54.597000 -7.053000
53.552723 -2.380328
54.336111 -7.603056
59.036667 -2.829722
55.696300 -6.031500
54.668333 -1.893889
51.488100 -0.609200
53.630833 -2.534444
54.676667 -1.752500
49.900000 1.116667
56.749867 -5.072397
51.779411 -4.804802
55.125260 -6.042650
50.705556 -2.989889
51.485000 -0.153800
51.963900 -4.671100
53.016550 -3.915490
52.690600 -6.645300
51.728689 -0.811561
52.800000 -3.500000
50.333333 -3.916667
51.824300 -3.661100
56.637720 -5.011670
52.143000 -2.243000
51.989000 -1.703000
54.551000 -3.342000
52.334200 -6.457500
51.859600 -4.038300
54.645100 -6.241300
54.804000 -1.927000
52.376190 -1.435870
52.821438 -6.968644
50.951894 -2.083294
52.592778 -2.999167
52.378500 -3.766600
55.200000 -6.253000
50.384000 -4.823000
52.610400 -4.072000
54.711000 -7.550000
51.535833 -0.102778
54.501700 -3.527600
56.860920 -3.779480
54.511000 -6.572000
55.431583 -4.540861
51.539167 -3.130000
52.647700 -7.256100
52.582000 -0.423000
54.347000 -6.619000
54.410833 -7.171944
52.412000 -1.409000
54.660520 -3.325400
52.348000 -6.517000
54.534444 -5.947500
54.604167 -5.951458
54.702600 -3.121600
54.325556 -2.790278
50.794000 -4.022000
52.765650 -0.381530
53.802600 -2.386100
50.928500 -2.581910
50.967590 -1.186790
53.462200 -6.230100
52.245000 -0.812778
52.608270 -7.751980
52.310000 -7.290000
54.748333 -2.028611
55.531611 -4.495139
53.240000 -1.550000
58.933333 -3.066667
54.173056 -1.998056
54.582000 -5.946000
57.975000 -4.583333
54.769722 -1.489444
53.386000 -7.381000
50.674570 -1.544250
53.818000 -1.254000
52.818429 -7.475510
53.288437 -6.243078
50.748070 -2.235240
54.727200 -3.249700
51.550000 0.400000
53.530000 -1.975000
52.633333 -7.600000
50.683333 -3.233333
52.880110 -3.381910
53.162260 -3.913280
53.516100 -1.921600
51.834400 -3.911300
50.691600 -4.700400
51.582000 0.192000
50.660170 -2.036730
51.749900 -0.795500
50.727000 -2.039300
54.140000 -3.260000
55.052000 -7.000000
51.764498 -3.113727
52.466389 -7.267569
54.263056 -5.925278
57.008611 -4.928889
51.499722 -3.552778
54.480000 -6.232000
54.513309 -7.458858
54.679980 -6.030890
52.160000 1.540000
50.623056 -2.199167
56.614444 -4.872222
57.414680 -3.375370
54.414335 -5.862536
53.933000 -6.464000
54.288056 -2.921667
53.127460 -3.995590
52.555000 -6.420000
53.070556 -4.066111
54.565650 -3.107330
54.380900 -5.548600
53.526111 -1.474167
54.785350 -7.474270
51.412778 -0.338056
52.577784 -7.259345
52.983690 -4.000440
55.055278 -6.922222
51.849100 -3.804700
53.250000 -0.950000
52.348056 -7.746944
54.316667 -6.900000
50.684460 -1.544160
52.165000 -0.186000
57.866667 -4.283333
56.131000 -4.896000
53.634000 -7.026000
51.629200 -1.187600
52.850000 -6.216667
53.250000 -7.500000
57.785610 -4.930050
57.658400 -2.480080
51.090570 -2.282670
54.898000 -6.554000
50.404040 -4.368270
54.506460 -2.872520
54.618000 -7.116000
54.371667 -2.886111
54.398611 -7.651944
54.433333 -2.600000
52.445000 -6.350000
54.558000 -3.242000
50.666000 -2.071000
57.098940 -3.435960
52.212030 -3.666980
53.342046 -6.250269
51.461667 -0.306944
53.716667 -1.883333
54.456870 -3.110560
51.548920 -2.586910
52.855400 -7.584800
50.833333 0.100000
52.396000 -6.945000
55.250000 -6.485000
51.633333 -1.150000
52.751800 0.405700
57.083333 -3.666667
51.587000 -0.271000
53.250000 -1.400000
56.133333 -3.983333
51.145690 -2.127180
53.076111 -2.949722
54.613470 -2.305000
57.000000 -5.691667
54.370000 -3.119000
53.266667 -6.116667
53.306800 -6.328200
58.115000 -5.137070
55.048000 -6.551000
53.587000 -2.410000
53.316344 -6.217930
50.959020 -1.624060
51.732600 -0.330200
54.322000 -5.703000
50.649700 -2.093300
55.542000 -4.447389
52.416667 -7.700000
50.102340 -5.634480
54.850000 -4.400000
55.229167 -6.291389
52.281944 -1.590278
50.622000 -2.207000
51.612390 -1.908970
53.183333 -7.983333
55.800000 -5.508333
50.746633 -2.842456
51.388889 1.434722
53.801000 -1.634000
52.469000 -7.829000
51.428080 -2.585870
55.013974 -6.146593
53.344444 -6.260000
51.731700 -0.092800
55.066667 -6.933333
53.481000 -1.929000
51.676900 -0.603400
54.398330 -3.124380
50.955890 -2.467750
51.380900 0.106700
54.483333 -6.550000
54.324700 -3.296120
52.131000 0.310000
54.708300 -7.593400
53.333769 -6.243982
50.870000 -1.340000
53.411700 -6.444200
52.610000 -3.953100
53.604131 -6.786789
51.663600 -0.238300
51.324722 -2.753333
53.142530 -6.860430
51.881440 -3.708480
53.342000 -6.267000
50.943000 -1.345000
53.372700 -6.299500
54.427980 -3.125190
54.540300 -3.026260
54.492778 -1.568056
54.766667 -6.683333
51.527000 0.015000
54.338000 -1.429000
53.500000 -2.520000
52.750700 -0.534800
55.129780 -3.665830
58.233889 -3.697778
51.536590 -1.730340
54.632500 -2.809700
53.130000 -7.530000
52.750000 -1.100000
54.595000 -5.703000
50.337000 -4.793000
52.105000 -7.572500
53.085140 -4.112650
52.445800 0.508800
52.941000 -6.711000
56.994000 -6.344000
52.683333 -6.383333
58.941667 -3.250000
55.950000 -3.183333
52.717100 -3.798500
53.577000 -1.055000
51.701400 -3.700800
52.892776 -7.020814
52.066700 0.489800
54.410000 -7.173000
53.344012 -6.267250
54.509167 -2.067222
57.506690 -6.183680
55.854900 -4.243000
54.703889 -6.936389
50.835440 -1.850840
52.460000 -2.794000
52.158800 -7.146300
50.518870 -4.293600
51.474000 -0.598583
58.500000 -3.116667
50.806000 -1.629000
51.701000 -0.012000
57.935667 -4.413333
53.142530 -1.532600
51.499206 -0.125504
51.103380 -1.829990
50.940000 -0.982500
50.437200 -4.813300
51.667500 -1.284722
52.148333 -6.909167
51.789240 -1.258790
53.586000 -6.561000
53.000000 -7.780000
54.625000 -7.108000
52.187500 -7.857500
51.609100 -3.190300
54.850000 -7.433333
54.059000 -5.992000
52.207000 -6.410000
52.627600 1.315400
52.325000 -7.105000
54.716667 -7.400000
56.609000 -2.939000
51.558200 0.028100
50.911200 -1.375530
51.513100 -0.151600
58.477000 -4.453000
53.750000 -2.766667
50.678730 -1.159240
54.602831 -5.931117
54.441000 -7.107000
52.534167 -2.418333
53.103000 -6.095000
52.678000 -7.357000
51.883333 -3.883333
51.028860 -2.022760
56.564250 -4.024290
53.789784 -6.885629
56.388889 -3.397778
52.663889 -1.302222
53.233333 -7.916667
55.600000 -3.400000
53.856900 -2.420000
55.433333 -3.316667
54.725000 -5.767000
53.607000 -2.299000
54.502000 -7.532000
53.553967 -1.264054
58.940000 -2.850000
52.703083 -7.705500
53.450800 -6.154400
53.802000 -1.485000
54.042940 -6.186090
52.499600 -0.200700
51.680220 -5.097660
53.291850 -6.686120
50.827247 -0.809361
56.633333 -3.400000
54.504940 -5.540030
56.800000 -5.003611
54.616000 -5.953000
57.083333 -2.935556
54.349400 -6.649100
53.362300 -3.065000
53.346000 -7.293000
56.091000 -4.612000
51.113497 -0.011820
54.719167 -5.799722
54.647000 -5.817400
54.602000 -5.914000
53.369000 -1.507000
53.325952 -7.519670
52.278800 -7.151000
51.454000 -0.224000
53.653730 -6.748350
55.833333 -2.733333
50.441810 -3.930720
54.416667 -7.200000
52.453000 -6.865200
53.145000 -4.060000
51.882222 -0.635556
52.361900 -3.902000
53.635491 -2.837090
50.741600 -1.355700
54.462430 -2.871580
53.716667 -0.883333
54.900000 -3.316667
51.481970 -3.607370
52.472900 -1.918300
53.130420 -6.745630
53.579200 -2.444600
51.522523 -0.877683
52.289000 -1.515000
53.343847 -6.263883
52.726600 1.687300
52.237000 -3.715000
53.232430 -1.949020
53.505000 -7.146900
51.338600 -1.430040
52.593742 1.736076
53.833333 -6.400000
53.742317 -6.466481
51.587500 0.045833
51.435900 -0.067100
51.539167 0.208333
54.395278 -3.046111
54.583333 -1.983333
52.529000 -1.853100
56.515556 -4.146111
53.991000 -7.360100
55.087898 -7.698498
54.060000 -5.993000
51.997222 -7.883333
52.117400 0.223220
51.694000 -0.284000
54.751180 -5.998535
54.454120 -3.116650
54.457000 -6.380000
53.397000 -3.075000
52.998000 -3.164000
51.295605 -0.115443
52.466667 -7.466667
52.610000 -2.010000
53.716667 -1.816667
55.171000 -6.229000
55.603611 -4.501944
52.500000 -7.983333
54.981751 -6.684494
56.527110 -3.362240
54.783500 -2.938500
57.407500 -3.706389
52.517500 -7.900000
51.494900 0.016300
54.545000 -7.494000
52.135000 -0.172000
52.716000 -2.454000
52.274000 -6.830000
54.366667 -3.416667
57.478000 -4.195000
54.630000 -3.218000
54.383333 -6.300000
52.342539 0.549050
53.357000 -1.797000
54.990793 -2.594987
52.943036 -1.258094
54.694444 -1.356944
52.787875 -3.688361
53.341667 -6.286944
57.488056 -4.219722
57.318000 -4.293000
55.150000 -3.450000
52.741900 1.626720
52.983333 -3.683333
53.150000 -7.300000
54.587000 -3.279000
52.640700 1.262800
53.348910 -6.573860
50.980400 -4.384000
53.215400 -2.607800
53.901000 -7.953000
53.783333 -1.516667
54.488611 -6.107500
53.400000 -1.783333
55.971111 -5.052222
52.240152 -2.232800
54.478150 -2.932110
51.901000 -3.368000
52.699428 -3.907032
54.420000 -7.822000
53.331800 -3.117500
54.940556 -6.240000
53.267000 -3.176000
56.805490 -4.987440
56.641000 -5.884000
57.147200 -5.396300
53.083000 -4.002000
56.483333 -4.300000
51.866667 -5.283333
52.984400 -2.227600
51.419894 -1.195275
54.348000 -6.656000
53.637778 -6.878611
55.199000 -6.654000
51.473930 -2.080580
54.511111 -6.041667
57.470278 -5.866667
50.725520 -2.266290
56.460278 -6.475278
51.861667 -5.342778
53.200000 -4.383333
54.729722 -1.443333
55.739540 -6.438720
50.606000 -1.178000
54.280556 -6.480278
57.083333 -4.916667
53.146111 -7.181111
54.447000 -6.692000
55.044990 -6.245210
54.316667 -2.483333
54.341667 -3.269444
51.496111 -0.151667
53.196000 -0.005000
54.597000 -5.932000
51.563400 -0.088400
55.598300 -2.718300
51.512100 0.003400
53.395000 -7.716000
53.217047 -6.157753
51.536111 -0.547222
54.533333 -6.883333
51.770000 0.090000
51.593000 -0.494000
50.637600 -2.427100
50.641522 -2.110322
52.917570 -3.746010
54.298400 -6.639900
52.658400 -3.901300
53.326410 -6.318840
55.934042 -3.210269
51.782100 -3.414600
51.395010 -3.197250
52.480000 -1.904200
53.993056 -7.412778
51.561111 -0.088056
53.399075 -6.160429
54.322970 -6.020190
52.279500 -1.583600
52.616000 -0.580000
54.040000 -7.050000
51.517083 -2.358056
53.231000 -2.140000
51.363000 -0.058000
55.116667 -6.566667
58.374722 -5.016944
50.343000 -4.143000
53.015000 -2.176000
54.673611 -1.875833
53.435833 -6.471389
54.727000 -6.210000
54.495142 -3.355060
57.719600 -5.346000
53.260000 -1.349000
54.953820 -6.480000
55.122171 -7.906036
53.123393 -6.505995
51.264100 -0.918000
52.300000 -7.416667
53.276000 -6.104000
51.881690 -3.419360
49.833333 0.950000
54.735556 -6.715556
51.483333 -3.183333
53.249444 -7.123333
53.300000 -6.250000
50.539200 -5.026800
54.611900 -3.080000
52.155300 -1.813900
52.676389 -7.821944
57.491620 -5.465640
54.826944 -5.807500
57.018333 -2.358056
57.945000 -5.225000
53.335845 -6.298127
50.542300 -4.550200
54.660900 -5.768000
51.768700 -3.476600
53.364222 -6.202444
57.035580 -3.688950
54.158000 -7.137000
53.323000 -6.610000
51.232778 -0.507778
50.614000 -2.156220
52.679000 -7.814000
54.288700 -6.372040
54.625700 -5.859100
53.151000 -3.830000
51.661000 -0.199000
58.480320 -4.411260
53.262010 -3.044870
54.455000 -5.465833
54.983333 -6.216667
54.595000 -5.934000
55.241400 -3.714200
54.778000 -6.556000
53.369076 -6.560519
52.910000 -6.612000
53.359676 -6.317450
53.433000 -2.234000
51.260850 -2.650590
52.335169 -2.276080
53.786995 -0.658890
52.516667 -7.500000
53.791389 -1.553611
54.594306 -5.930833
52.516717 -7.889428
54.192738 -7.706180
50.330000 -4.200000
56.123550 -5.498722
53.566944 -2.487500
53.195000 -2.767000
51.352000 -1.995000
54.109000 -6.044000
51.466114 -0.215792
51.133800 0.872200
55.650560 -5.229510
52.187222 -7.086944
52.484600 -2.094200
52.391900 -6.793900
52.699428 -3.907032
56.721000 -3.785000
53.094700 -3.647400
54.609722 -2.113889
52.046800 -3.321100
52.071000 -3.702000
52.096683 -7.623636
50.631650 -3.301530
54.766667 -5.950000
54.660464 -5.696386
50.419900 -4.736300
54.364000 -3.173000
50.810000 -1.075000
52.266944 -6.746111
52.787875 -3.688361
54.029000 -0.466000
51.766667 -4.283333
54.642804 -5.942139
54.191330 -2.681960
51.670000 0.090000
52.716667 -7.900000
51.642060 -1.903130
57.168333 -2.133889
54.528600 -1.514300
51.582778 -1.418889
52.900000 -6.266667
51.119167 -3.133889
51.720556 -4.225833
51.325141 0.009313
55.154440 -4.360360
52.497010 -2.151670
51.358400 0.034800
54.873923 -7.600486
51.133333 0.283889
53.692000 -6.416500
53.390278 -1.961667
51.350530 -1.760150
53.180833 -3.832778
51.456944 -0.967222
55.843611 -4.246944
53.345000 -6.271000
52.856980 1.447600
54.373889 -3.232500
53.301111 -6.545000
52.749070 -7.556922
54.183333 -0.850000
53.335139 -6.228333
54.597389 -5.931536
53.360556 -6.276389
56.016667 -4.300000
54.406150 -2.161720
55.616667 -2.783333
53.312970 -4.676370
52.616696 -7.012228
51.519500 -0.077600
52.080000 -3.840000
53.342778 -6.250000
51.644167 -0.221111
54.724670 -7.754200
54.588810 -2.917610
53.736000 -2.324000
52.497000 -1.944000
51.933333 -3.900000
54.500000 -6.466667
53.346760 -6.254140
50.964200 -0.934400
54.566986 -6.121023
52.526667 -7.137222
56.491111 -6.286944
51.479830 -0.178340
54.406000 -2.305000
50.560800 -4.138000
58.397222 -6.457500
51.693080 -0.055100
53.313000 -6.391000
53.976000 -6.719000
52.921111 -3.423889
54.757223 -5.703964
51.656500 -0.195000
52.983333 -7.916667
51.601000 -3.350000
57.181580 -3.825320
53.678000 -6.819000
50.679440 -4.594600
56.951620 -4.602740
51.418940 -1.798620
55.137000 -2.092000
51.463691 -3.640913
54.594000 -6.780000
54.354300 -6.415400
53.383333 -2.583333
54.178000 -6.336000
53.600000 -2.100000
54.710000 -5.817000
55.015820 -7.287110
50.521000 -4.247300
51.396430 -1.174900
56.880064 -3.411163
54.292740 -6.843880
53.388650 -6.139940
53.020400 -4.178000
51.666000 -2.666000
53.327400 -6.235500
51.615500 -0.070400
54.732020 -2.335390
51.962920 -3.143920
53.334010 -6.231969
53.677850 -2.316360
52.260278 -7.114444
56.677500 -4.885833
53.977200 -7.645800
54.939722 -7.385556
51.275000 -0.688000
56.546080 -4.778210
54.361000 -6.613000
51.887500 -3.451667
52.917780 -4.092930
54.869000 -6.274000
54.575100 -3.580800
51.563056 -0.168333
51.225000 -0.518000
55.591940 -3.662880
55.804800 -4.258300
52.275000 -7.000000
53.521111 -2.204444
51.492500 -0.173611
54.656300 -5.669200
54.511000 -6.043000
54.590578 -5.855541
54.783333 -6.616667
54.524000 -7.211000
51.726000 -3.261000
52.744125 -1.246047
53.066667 -3.783333
53.080000 -4.082000
50.632861 -2.066897
