43.375900 -80.285714
45.370394 -123.065104
36.872778 -103.880833
41.781667 -71.468889
37.735200 -122.406800
39.104722 -84.515000
33.032500 -80.200000
34.368333 -89.506944
26.011944 -80.168333
39.614306 -77.735472
32.616667 -96.761667
41.642222 -83.558056
37.359444 -89.621111
44.326111 -74.128056
35.966111 -83.920556
44.286111 -94.430556
40.374820 -74.081487
32.808500 -96.772600
26.227222 -97.655000
37.270556 -79.943333
40.731300 -73.995400
26.049722 -80.193056
40.132100 -75.348100
43.695900 -114.353100
39.284167 -80.338889
42.866725 -78.872210
38.288889 -89.347778
36.357500 -111.203333
32.077347 -81.098730
30.688056 -88.089444
43.425531 -83.936800
40.064000 -74.980000
38.862500 -75.839722
38.045556 -84.610556
40.785400 -73.957500
41.794000 -87.600900
42.369444 -71.073611
37.472222 -105.853611
33.766111 -118.240278
42.332400 -83.047600
40.769167 -111.888611
38.559600 -90.379540
35.352778 -96.877500
35.786111 -86.676389
33.739444 -84.389444
36.152778 -95.994167
39.932592 -91.409250
47.573917 -122.400389
26.151353 -80.320778
35.798056 -120.885278
29.761864 -95.365511
43.814167 -91.208889
37.711700 -121.800700
37.095950 -94.462200
46.849167 -110.269444
38.099722 -75.751389
42.730556 -73.688889
30.307500 -97.730278
25.904722 -80.253056
43.311600 -73.649000
42.795212 -80.308728
46.023611 -118.354722
42.237500 -79.460278
41.135556 -90.808333
39.367220 -101.446110
40.739467 -73.984053
40.642500 -80.519444
37.686000 -82.781000
39.734444 -90.231667
48.136738 -122.285857
39.400833 -81.463889
33.998700 -117.947000
41.529444 -90.567222
39.745556 -122.018056
32.308044 -110.898764
47.906389 -122.585278
42.396700 -71.075400
39.207508 -105.272236
42.154000 -84.549000
44.243816 -76.539903
37.917222 -88.076111
44.146617 -93.998117
41.786667 -73.935556
48.450280 -81.300740
36.969653 -121.913975
44.389167 -100.391111
39.042500 -76.943889
44.048116 -78.675585
43.641095 -79.385265
47.374444 -122.209444
40.191903 -110.380989
41.378889 -104.973611
40.738611 -73.387778
42.454167 -71.132500
34.408333 -76.483333
43.655000 -70.261667
46.132500 -86.462778
38.316900 -91.923300
39.777222 -86.159167
42.570278 -73.956111
32.715000 -114.621111
39.182222 -78.168056
27.493533 -99.515622
46.523333 -80.999722
39.293889 -80.774444
42.503611 -71.073889
40.390641 -91.343480
37.225278 -86.683056
40.738850 -74.004258
32.808200 -97.337200
42.893056 -75.836944
41.951667 -76.516667
39.730000 -91.405000
32.874586 -83.712469
40.325000 -90.091667
42.715000 -70.880833
40.872458 -73.925886
32.881500 -117.235000
44.434167 -118.958056
38.468000 -107.253600
42.173611 -85.551944
48.420000 -123.366500
48.532778 -122.971389
41.416770 -75.712380
46.246111 -123.907500
40.741111 -124.201389
38.630300 -90.189900
43.628056 -89.770833
30.091111 -95.994444
32.230000 -99.629000
29.970700 -95.681900
45.421120 -75.700000
41.519152 -73.892463
48.666900 -98.833700
43.221944 -77.672500
29.326944 -95.550000
46.848300 -96.848700
45.312700 -74.645400
37.576838 -77.475164
29.710000 -95.603000
35.400833 -94.384722
29.082500 -97.266111
37.261944 -122.413333
47.097222 -104.785833
40.873686 -73.532772
40.424830 -80.097220
42.411600 -83.495000
35.818901 -88.986397
39.962778 -74.947500
48.463056 -115.889167
34.060556 -118.282500
40.255000 -79.856000
37.812500 -82.806111
25.373611 -80.684444
25.175278 -80.744167
27.340000 -82.540556
37.601389 -77.520000
34.731389 -92.370278
37.160278 -86.554444
35.597778 -92.451667
48.060556 -114.001111
44.311667 -100.352778
42.467300 -83.186600
37.196111 -93.322500
44.588889 -75.651111
35.840000 -102.610000
42.328803 -83.077731
39.378056 -99.295556
42.261944 -71.803056
28.011377 -82.518681
44.776111 -94.983333
36.129400 -115.166100
43.047017 -76.149672
42.492000 -83.482000
38.261861 -97.334417
33.387778 -112.006667
38.948333 -77.080556
46.534444 -122.426111
42.732320 -84.548610
33.212194 -87.574769
42.511233 -122.924211
41.096389 -87.910556
40.779000 -124.190000
32.608889 -88.881389
40.990000 -73.806333
33.739112 -84.361810
40.978660 -78.203770
43.286944 -91.468333
35.658333 -97.471944
37.339070 -89.581890
39.080995 -94.581442
29.761500 -95.631000
39.487222 -77.946944
34.069722 -118.193056
32.588611 -96.968056
43.027600 -73.613720
30.222750 -98.768250
32.807500 -79.986944
33.754700 -84.389400
37.450000 -79.074722
33.726917 -84.355517
38.794722 -76.930278
39.290000 -77.882500
40.096111 -74.222500
35.550000 -105.689444
41.854722 -71.254722
43.876814 -117.002437
40.708889 -74.009722
39.762500 -84.191389
40.418611 -86.893611
34.753056 -92.307778
45.660278 -78.943889
39.953611 -75.281667
27.987700 -82.362200
42.524000 -90.665000
37.089722 -78.478889
42.256306 -72.240750
41.823611 -74.130833
46.949658 -91.778790
37.684609 -97.349873
37.175000 -93.043056
40.711667 -73.995000
39.296389 -76.597500
43.712000 -79.285000
29.701300 -91.217200
39.032139 -77.423833
34.157778 -118.134167
39.434444 -97.660278
48.422900 -123.386700
42.326200 -71.207800
42.634167 -77.059722
32.377200 -110.962376
41.291600 -72.963900
41.328600 -73.807600
36.089167 -88.463333
42.397222 -124.363889
42.670556 -115.867222
41.411667 -74.745833
38.016700 -93.718820
33.945000 -117.862222
34.472222 -104.243056
42.416000 -90.595000
37.302392 -76.628130
44.292500 -105.436111
43.938117 -115.080303
38.540000 -118.430000
35.195000 -90.196389
43.173611 -79.935000
41.771667 -72.688889
35.051667 -85.133056
36.760000 -95.220000
41.001667 -73.665556
31.180500 -87.838000
40.621111 -80.580556
43.072980 -89.403450
45.419860 -122.564640
42.031333 -72.577619
41.478333 -72.921389
32.778889 -96.922778
45.555278 -84.687500
42.363333 -71.105556
42.331667 -83.046667
44.482222 -71.189167
35.267036 -77.621611
41.870833 -103.674722
48.328333 -112.034167
36.742500 -88.635278
40.706389 -74.105000
41.052500 -104.831389
33.506389 -111.989722
36.161667 -83.225833
34.708611 -96.740000
40.735833 -74.161944
37.806676 -96.882984
46.233333 -89.316667
42.364722 -71.105556
42.416944 -71.159167
38.001611 -78.519000
40.797710 -77.858150
45.068056 -93.175000
40.542222 -78.085556
29.901667 -90.096667
40.901944 -73.912500
42.816389 -114.528333
34.418056 -79.375556
48.548333 -109.680000
40.762100 -111.838700
42.845608 -83.505085
38.938590 -92.327920
45.625300 -121.896800
43.296111 -99.867222
44.071111 -71.170556
43.157222 -77.588056
38.661530 -121.127380
45.708974 -121.513537
42.384444 -71.120833
34.759167 -91.638056
38.920300 -77.031200
45.270000 -85.356944
27.946944 -82.468889
35.846111 -86.391944
42.921111 -75.862778
39.284167 -80.256111
43.836111 -71.893611
39.078890 -94.598350
42.387556 -71.101472
31.965278 -102.769444
35.208056 -101.835000
34.223333 -118.243056
37.545833 -110.713333
32.053000 -102.295000
44.978056 -93.275556
34.442000 -92.218000
38.970556 -92.744444
44.739444 -92.850000
32.901667 -80.661333
33.610278 -92.064444
41.492500 -71.314444
43.206389 -71.540000
35.774119 -78.636797
40.804722 -73.953333
32.595556 -85.482778
38.647500 -90.255556
32.462500 -113.445833
42.508889 -70.841667
45.303629 -122.968254
45.370833 -84.968889
44.990000 -93.323000
42.523333 -71.101389
44.029167 -92.750278
42.257300 -87.895100
43.660929 -79.383302
37.306111 -78.226111
44.955225 -93.102194
30.180000 -93.031000
38.330833 -122.321389
42.965850 -85.674350
45.740278 -108.138972
26.117500 -80.254722
42.298889 -71.797500
44.666667 -79.383333
40.443530 -79.951503
36.366111 -92.574722
35.085680 -106.650350
36.906111 -121.843056
42.528333 -70.902778
29.091667 -95.481389
37.802500 -122.401389
42.726667 -114.516944
41.175000 -111.975000
37.530872 -77.426142
43.570178 -89.772184
43.950278 -88.085278
48.512000 -114.372000
34.101944 -118.330556
41.878889 -87.635806
43.439722 -71.481111
39.887550 -91.454600
47.756389 -99.918333
46.015556 -92.943056
27.831472 -97.202733
39.014444 -76.399444
41.874167 -71.393333
44.068333 -79.477500
41.261808 -95.921931
38.415000 -122.408333
44.925278 -93.660833
42.811528 -70.864861
42.073889 -72.034444
48.998333 -121.452500
41.728056 -71.135278
42.396111 -70.986944
41.453889 -82.709028
42.244444 -71.278111
43.850833 -79.279722
33.512500 -112.130000
41.220833 -111.950833
40.764096 -73.956842
47.232222 -122.389444
45.412614 -123.136775
41.232778 -112.011389
40.398889 -90.151667
40.794167 -81.517500
42.938889 -75.857500
35.410000 -78.505556
40.862600 -73.885800
39.574167 -119.846667
45.394167 -92.816667
40.921667 -115.849444
34.235278 -118.708333
39.211940 -76.855280
40.880000 -102.350000
39.216289 -84.344475
29.935833 -94.510833
41.043333 -76.221944
38.836944 -77.307222
33.244444 -111.864167
39.210000 -94.354167
38.252778 -85.791389
41.687500 -70.504444
27.934444 -82.459444
34.561389 -92.587778
45.449730 -109.201080
42.593889 -83.357778
37.798720 -122.407270
38.599722 -77.955000
32.631667 -87.320278
42.567778 -78.045278
43.511389 -92.503611
39.962500 -75.861944
47.608400 -122.334400
40.916389 -77.049444
42.394061 -72.521564
40.108333 -75.612500
42.421667 -71.123056
38.392778 -121.197500
41.371944 -81.755833
37.303889 -80.045278
33.449800 -112.074800
41.710370 -87.534900
41.515000 -83.359444
35.450000 -118.946667
35.861000 -95.768000
40.626944 -111.799167
47.659000 -116.964000
43.360278 -76.429167
44.091667 -92.517500
41.473442 -87.329116
30.748889 -99.224167
39.125556 -84.486111
37.486044 -77.005669
39.745185 -104.989549
40.768889 -74.281944
36.099600 -80.243600
40.617222 -87.315833
40.985000 -74.964000
33.755740 -84.391030
37.586111 -120.269444
40.773871 -73.983178
36.810556 -76.739444
44.034000 -77.059000
42.756667 -105.405556
33.901944 -79.997778
37.793000 -120.520000
31.857778 -110.788611
39.493611 -77.697500
42.393333 -71.137500
27.520170 -99.522293
40.747778 -74.006944
44.646000 -123.271000
33.720060 -93.486750
26.116281 -80.107569
34.960000 -82.919444
41.027500 -81.933056
41.504160 -81.608450
38.019600 -97.363500
38.586244 -121.506254
35.857222 -102.013056
35.488056 -97.823611
39.043611 -95.702222
47.614004 -122.319020
40.737500 -74.035833
38.869444 -77.831389
39.114250 -84.493510
42.419722 -71.210278
43.988611 -72.446667
41.561667 -71.142778
36.409722 -90.578889
41.504722 -95.595000
37.356111 -79.546111
35.157097 -80.844930
33.418330 -82.050370
35.947278 -91.548722
39.073056 -84.514722
42.377778 -83.295556
30.668889 -81.457222
37.769600 -122.433200
33.458333 -114.775000
31.753611 -106.416111
45.662000 -121.472000
44.622222 -107.115833
45.555556 -73.579722
37.963611 -98.602500
48.058056 -123.787222
42.081111 -73.752778
40.737779 -73.997304
39.987600 -76.151900
44.700556 -75.481111
40.103889 -84.628611
30.647778 -98.295556
40.497410 -74.447750
39.364167 -76.629167
36.159444 -86.795278
27.925833 -82.457222
39.950000 -75.205000
43.750000 -71.800000
38.257500 -81.028333
36.676111 -101.382778
37.411111 -79.133472
42.760000 -109.920000
41.039000 -73.590000
41.883610 -87.629970
40.643756 -80.094782
36.923889 -120.827778
41.624167 -71.512778
33.320000 -83.690000
39.293333 -76.635833
37.415000 -79.147500
42.121944 -80.097500
40.615833 -79.161111
43.668647 -79.352722
25.623056 -100.242778
44.957744 -93.289950
44.800000 -79.416667
32.776389 -79.934444
27.507222 -97.809722
34.069444 -118.407500
40.799261 -73.954602
30.689347 -88.042358
48.188000 -108.711000
40.698611 -111.876389
29.596820 -98.320578
41.096887 -74.653019
42.351000 -71.108000
40.759444 -82.526111
40.760833 -73.968611
43.019269 -77.756581
25.850960 -80.190710
27.074722 -82.233333
32.838889 -117.248889
46.352000 -87.859000
47.111111 -97.207222
39.750250 -75.624310
34.636944 -82.708333
40.488333 -89.675833
34.574520 -117.937630
40.748333 -73.986111
34.161200 -81.350600
36.094880 -108.884920
36.527500 -87.358333
46.118333 -70.889167
40.762222 -111.881944
30.478611 -84.023611
39.298889 -83.968333
33.558889 -86.249167
45.550000 -94.150000
38.911389 -77.046667
36.436944 -97.921111
34.916667 -95.312222
33.763611 -86.047500
43.552611 -79.746583
39.037778 -114.846944
36.096827 -76.284657
42.249444 -72.949444
43.945556 -76.119444
29.516500 -95.691200
48.636944 -93.031389
45.596900 -73.284200
33.528400 -96.609100
40.366944 -76.076111
35.487778 -93.811944
45.287793 -74.176919
38.940278 -77.052778
41.125000 -101.716111
42.509803 -71.107919
35.283611 -109.247500
41.704988 -73.929557
39.209700 -96.351700
37.000505 -119.712645
41.370556 -72.600278
32.601472 -80.325417
34.201944 -92.006667
38.910750 -77.047944
38.902611 -76.846361
39.162500 -89.674722
41.962500 -71.191944
46.088496 -122.939190
41.485000 -81.605833
34.567778 -98.416389
39.757222 -75.558333
41.803056 -124.069167
37.681111 -78.110000
29.939117 -95.652673
40.850317 -74.223291
32.234300 -80.862800
42.446944 -71.133333
44.933333 -93.566667
43.183333 -77.344444
44.885833 -93.168611
43.499167 -102.889167
42.394444 -76.350000
30.003500 -95.512900
38.902800 -77.035200
37.835000 -122.241944
45.445833 -120.753333
47.851111 -90.058333
41.310296 -81.144505
43.654167 -79.379028
41.588889 -73.949722
38.093056 -75.589167
40.749444 -73.968056
29.426096 -98.495564
37.938056 -95.396389
42.784400 -78.807400
37.236667 -77.409167
40.713102 -73.625307
38.942520 -99.355650
43.421111 -73.708333
34.349000 -119.333000
46.837500 -71.212222
38.231883 -85.844161
41.809167 -74.269722
38.864000 -76.911000
35.895833 -97.403333
33.807300 -118.193000
41.751700 -88.115124
33.884667 -109.415244
39.542222 -75.646944
42.432222 -83.477778
39.956962 -74.626307
41.529167 -75.946944
43.748333 -94.406389
41.823056 -71.406667
45.480481 -75.532414
39.410000 -77.423333
41.995556 -70.981389
36.150833 -91.082500
31.866111 -102.383333
30.692500 -88.150278
42.642588 -95.207875
44.105833 -76.260833
38.933600 -95.007600
28.350272 -81.548497
42.635278 -71.332778
42.515800 -71.071500
47.787778 -90.772500
40.543413 -74.561760
41.865972 -88.106389
33.029600 -96.843600
40.694500 -75.203600
34.059646 -118.297101
33.382739 -111.705083
33.610000 -102.340000
38.365278 -75.600000
40.455971 -79.953664
43.166111 -78.691944
41.105117 -74.764953
38.568333 -122.458889
40.731750 -73.989120
41.434444 -91.776667
47.317979 -91.750728
40.480000 -88.992500
40.776872 -73.983248
38.269167 -104.608333
42.338889 -75.168333
43.173056 -79.043056
45.424580 -75.695640
40.642778 -74.344642
37.430000 -122.170000
37.730556 -88.928056
40.388611 -111.848889
37.779119 -122.420456
41.836111 -89.480722
42.640434 -83.289408
30.606986 -84.230843
41.708889 -75.051667
34.856944 -82.389444
42.137770 -80.090320
41.641667 -71.205278
41.264167 -95.998611
40.764800 -73.979700
32.529444 -94.880556
39.387500 -76.306667
37.832242 -122.254067
47.604167 -122.339444
42.333858 -83.021428
45.705278 -121.519444
41.896389 -71.097222
45.483333 -75.847778
34.646144 -109.625664
37.308333 -76.766667
33.384444 -80.278889
37.221944 -77.447778
35.172000 -89.945000
41.692222 -83.629722
39.688850 -104.832020
40.946944 -74.025000
39.974444 -75.271944
41.628889 -70.388333
45.319722 -78.021389
34.329444 -79.849167
36.593056 -101.637222
39.799305 -83.009373
41.895425 -87.624958
37.642222 -82.175556
42.261111 -71.804167
40.443056 -74.601667
40.219600 -74.768300
29.757700 -95.499200
37.905556 -122.292778
41.525833 -74.227778
34.460000 -84.460000
38.196111 -95.733611
33.816000 -117.971800
40.535000 -75.743333
25.652222 -108.538056
40.689681 -91.994169
40.786667 -74.148889
31.085000 -83.803333
43.613611 -110.897222
36.803611 -118.198889
33.695250 -117.867835
42.103700 -72.586411
43.461667 -116.235556
41.828333 -74.231389
42.555556 -73.904167
30.323889 -92.290278
30.422000 -92.114000
40.641110 -74.103050
31.805000 -106.482778
42.242570 -84.200485
35.133056 -83.043889
38.033400 -84.510400
27.468374 -82.550652
40.354722 -79.650278
32.350000 -84.530000
39.741667 -104.993056
45.519570 -122.676769
40.781667 -72.807222
40.765063 -73.981649
43.236940 -119.108890
39.952150 -75.152330
35.949722 -90.666111
45.068056 -93.175000
40.864969 -74.117422
40.743912 -74.001819
35.525600 -82.927900
46.593915 -112.038239
41.496389 -94.641389
25.791507 -80.186232
39.262500 -114.862778
40.260556 -105.496389
35.612500 -82.550556
34.364444 -80.091111
39.260278 -76.543889
45.503333 -73.596389
42.141667 -82.446667
41.238889 -100.695278
39.315556 -76.615556
41.927500 -87.736000
42.097500 -94.376111
41.744167 -72.180278
42.958000 -85.667222
42.360833 -71.098333
40.930556 -94.971389
42.054722 -123.114444
30.639910 -87.702210
48.191111 -96.711389
40.467111 -80.018536
42.415333 -71.153861
34.110556 -118.186667
36.964167 -122.017778
37.080000 -121.790000
31.321667 -97.469167
32.467758 -83.725544
39.143882 -106.567634
30.420389 -87.206489
42.968611 -90.133056
41.694722 -70.355833
34.650833 -118.205556
44.593889 -123.225000
39.384202 -75.297546
38.436111 -94.569444
43.319600 -70.589800
35.179444 -86.911944
46.789000 -92.118000
39.508056 -98.315833
33.978056 -83.962500
39.767794 -86.162672
32.453472 -90.068150
43.189722 -112.343889
43.094722 -74.769444
37.934200 -87.926400
40.620000 -79.151389
48.130556 -97.513889
31.758889 -110.801528
41.877222 -87.641667
40.508611 -74.463889
43.098569 -73.575386
48.630833 -113.868056
40.292222 -75.129722
38.441111 -122.723889
45.551667 -85.115556
31.067950 -87.963060
39.419000 -107.370000
33.246440 -81.667900
40.325000 -75.790556
37.129444 -80.408333
41.379167 -73.938611
38.928056 -77.032500
42.822222 -108.763333
42.228333 -71.435556
47.650190 -122.361667
43.588792 -83.884433
34.098706 -118.335116
45.526481 -73.587655
36.827500 -76.162500
41.136000 -73.427900
33.387000 -97.566000
43.088056 -77.563333
43.478690 -79.761910
30.651944 -87.851111
48.579700 -123.431500
42.138889 -70.917778
37.877222 -78.910833
43.262778 -77.615556
43.068889 -94.235556
42.246389 -71.823333
40.743889 -74.170278
42.048611 -93.898333
41.690833 -81.046667
39.092384 -94.424240
29.975000 -100.420833
42.296667 -71.819722
48.313611 -120.655278
37.976111 -120.634722
38.345556 -104.306389
37.557917 -77.453750
40.178611 -74.912500
32.415472 -110.714778
40.023778 -75.154611
42.618100 -83.622800
27.994000 -82.459400
39.100830 -84.513200
41.583611 -93.641111
32.780278 -105.820278
25.284722 -76.331111
42.131392 -72.796005
29.611944 -100.448333
38.735989 -82.988378
39.515481 -116.969254
41.078333 -111.977500
31.658930 -96.973300
44.153333 -123.064722
43.658000 -79.399000
41.589000 -75.811000
30.038700 -97.158300
42.509722 -71.081667
42.367167 -71.066208
34.959900 -77.965200
34.887222 -91.192778
35.090100 -80.774100
43.084642 -79.060660
43.095556 -79.056667
30.409812 -84.345452
38.949722 -80.492778
42.622222 -73.119936
32.722222 -114.620278
36.012778 -96.111667
39.328056 -104.734306
40.830833 -74.111944
39.765556 -86.158056
36.176389 -95.878889
39.214722 -76.870833
29.779167 -82.041944
40.515000 -83.570833
35.261389 -80.727222
34.591944 -88.648611
42.836389 -70.910556
33.431944 -111.902778
37.207344 -93.290750
32.785556 -79.874167
35.236389 -82.724722
39.194042 -84.421381
37.609444 -75.665000
36.974722 -122.024722
38.033333 -78.496944
48.386667 -89.263611
37.771389 -82.645833
45.477500 -122.750278
45.371389 -84.936667
41.592500 -93.622778
42.991389 -71.475278
38.867769 -104.891088
41.175278 -73.705278
32.824167 -80.002778
41.765000 -88.345600
37.548056 -122.513611
43.642500 -79.387222
45.425503 -75.720423
33.817800 -111.939000
35.957730 -86.767647
47.087500 -104.801111
42.266700 -71.800800
29.957222 -90.063889
41.523056 -90.576667
42.351389 -71.255556
34.766667 -92.511667
39.201264 -85.920189
46.571389 -120.454167
40.535556 -112.077222
44.049167 -123.083333
35.684722 -101.388889
36.926111 -111.448333
43.941111 -82.713333
46.601111 -93.844167
38.134167 -122.425556
39.467778 -75.538056
34.880278 -92.233361
35.155068 -97.470394
44.943333 -93.360833
28.341667 -80.685556
40.706964 -74.009672
36.662778 -121.606389
38.722222 -90.283889
29.406111 -95.025556
38.866111 -91.954167
42.115833 -83.188333
44.976100 -93.272700
40.048889 -82.873889
42.891944 -92.808889
40.918333 -98.302222
34.664444 -82.815278
40.128300 -74.214100
39.795783 -89.649731
38.630300 -90.183310
39.589444 -76.073611
42.075556 -88.185278
30.590100 -96.316425
33.345156 -97.589750
43.008269 -81.263550
36.816389 -76.317778
43.152778 -77.615556
38.565300 -90.165200
36.366111 -91.476389
31.750000 -93.097200
42.900278 -77.424444
41.897778 -71.085833
48.754722 -122.486111
43.092459 -79.070578
39.869500 -83.072290
32.272811 -99.456111
42.651667 -73.754444
42.177336 -71.111928
44.742100 -79.881300
32.823056 -114.494167
34.816390 -76.636110
25.861111 -111.543611
41.901944 -71.113611
48.466667 -89.000000
42.267500 -71.820278
42.348525 -71.074017
42.503056 -71.086389
33.410000 -84.490000
37.012500 -121.973611
39.006111 -94.588889
38.265833 -104.678889
35.758981 -94.908841
35.733000 -92.260000
36.094000 -79.438000
37.641223 -97.303880
40.813000 -73.936000
30.072292 -99.248300
43.729000 -97.088000
32.411944 -115.244722
41.304444 -96.028056
32.248889 -110.924722
34.113611 -118.178611
36.388333 -94.192778
40.864444 -97.270556
40.829268 -74.224899
42.944269 -88.023967
46.564000 -93.951000
40.702500 -73.802222
42.733600 -84.558523
40.000556 -79.988056
30.689817 -88.045019
25.000278 -80.749722
42.337270 -71.106000
39.279500 -76.566706
45.477778 -75.516389
40.119722 -75.521667
44.585280 -108.850280
39.105260 -108.930660
33.971144 -86.518719
34.129167 -93.054444
30.063000 -90.385700
41.483333 -72.161944
41.253522 -95.931058
40.758611 -73.987778
35.415278 -119.233611
38.041944 -79.176111
45.488889 -122.694444
40.433322 -86.916144
32.258000 -89.790000
38.404167 -82.437778
39.020833 -99.470000
43.650000 -91.582778
41.588611 -88.922222
34.286957 -85.152421
37.801944 -80.451667
41.026389 -96.314167
42.354311 -71.062294
33.304722 -83.683611
29.985833 -90.117778
29.965600 -90.056600
34.684590 -94.369180
40.738611 -73.987222
27.933333 -82.043889
36.805278 -81.618056
42.446389 -71.132500
43.154550 -77.604770
42.322222 -72.636667
43.240000 -79.963056
41.378056 -73.448611
32.659444 -87.749722
41.989444 -88.101111
32.033100 -81.093000
45.856111 -84.586111
43.091111 -73.345833
33.759800 -84.387800
42.666667 -114.406944
42.019000 -72.132000
33.080000 -117.062778
41.090689 -73.533597
45.102000 -81.444000
29.697778 -94.402500
33.910210 -117.457580
32.936944 -87.090556
38.623900 -90.192600
35.093400 -82.969300
37.800833 -121.620833
42.275556 -71.416944
40.132083 -76.300694
38.967611 -77.077150
39.378056 -77.445833
38.855126 -77.250631
33.073806 -80.198389
37.310000 -76.770000
40.165428 -86.015053
40.515813 -74.852882
41.535833 -90.594722
37.683333 -122.500000
34.100000 -118.235833
29.161944 -90.348056
34.694500 -120.470200
44.286672 -93.260058
41.898611 -71.097222
48.605833 -113.480556
40.134895 -74.041534
40.486389 -78.018056
43.311667 -89.528056
34.896944 -85.143889
27.771389 -82.643542
39.733107 -84.648887
25.778310 -80.186452
38.084167 -99.892500
40.678356 -73.968803
41.501389 -81.666111
32.762778 -96.634444
31.798056 -85.953889
45.557222 -73.581667
41.830278 -110.731111
34.521667 -90.590278
47.620556 -122.349167
40.462770 -74.323919
41.191000 -73.167300
44.944800 -93.098200
34.090616 -118.394289
33.683522 -118.009536
38.561944 -90.172778
26.462500 -80.072500
29.730278 -95.435000
35.135833 -106.761944
42.992222 -71.467500
43.666960 -79.395217
38.694444 -119.778611
35.130950 -89.901400
38.339900 -87.351800
38.398361 -78.659028
43.011944 -88.007500
43.204930 -77.530520
40.719200 -73.982800
41.671000 -72.645300
42.428500 -71.320000
38.782458 -90.011394
30.313056 -97.656667
39.831667 -86.109167
37.034231 -119.629307
45.505339 -73.553888
29.425278 -98.485556
40.798611 -81.940556
35.085833 -82.264167
43.154832 -124.170661
40.525201 -74.496188
40.408889 -82.329722
46.868900 -121.659200
41.853611 -88.000833
35.688961 -105.941190
39.432361 -104.655611
38.482167 -90.397944
32.775278 -117.070278
34.005000 -81.011944
38.345556 -121.498333
40.948401 -72.898248
48.385833 -123.759444
42.348889 -71.117778
41.791700 -87.724900
44.031389 -123.073333
43.002778 -91.653889
44.781667 -117.824167
47.340210 -92.667132
38.905100 -77.023000
35.680833 -94.176111
39.365000 -77.539722
41.094167 -76.855833
42.450822 -71.632233
35.999444 -89.898333
42.769780 -81.173710
32.679472 -80.813306
47.921627 -97.078827
37.755278 -122.451667
34.695833 -95.309167
37.720205 -121.063920
42.760000 -76.672500
38.600000 -75.656944
45.423236 -75.695264
38.735556 -122.848611
33.290400 -96.575900
35.423056 -86.931944
37.193736 -85.926914
40.386944 -76.189167
42.668056 -88.552500
33.247500 -83.923056
47.022411 -91.670678
31.735833 -106.373333
39.167222 -119.779444
39.094722 -108.578056
40.692500 -89.593056
29.299100 -95.236700
28.614120 -82.468640
45.046389 -71.444167
35.097222 -97.967778
29.082500 -95.121667
40.430278 -78.392500
34.155278 -118.134167
40.345417 -76.868750
40.463056 -86.136944
34.138900 -119.181900
43.659470 -79.409900
27.961389 -82.445000
33.970833 -88.543056
40.854916 -74.007286
44.586389 -107.613333
30.693333 -88.040556
40.175000 -75.687222
39.142500 -84.509444
35.112222 -89.891944
42.721111 -71.182778
38.068889 -120.545556
44.561389 -111.442222
28.801111 -97.001389
37.526667 -116.198056
35.888056 -80.278611
41.060000 -73.545000
40.229847 -74.708564
42.108611 -71.292778
27.783889 -97.458056
40.870431 -124.092678
39.133056 -77.715278
39.599833 -79.054667
46.463880 -80.965460
45.436115 -122.579482
29.655278 -95.671944
30.316667 -119.533333
44.945000 -93.093056
34.770833 -99.538889
47.719138 -122.321616
35.089639 -106.617583
39.767500 -76.680278
46.615000 -124.059722
44.078333 -76.257222
40.441400 -80.001300
36.795833 -97.316944
41.676200 -72.943900
35.676006 -95.186931
39.097778 -83.019722
39.799444 -76.540833
33.759705 -117.702541
33.956667 -83.989167
36.106667 -115.164722
42.367500 -71.094167
33.932250 -109.161103
39.130556 -84.358611
46.296944 -105.978333
40.653889 -80.224444
42.162185 -76.823506
35.768258 -78.739167
37.236250 -77.403972
41.775278 -80.855278
43.094778 -75.271754
29.456623 -98.357036
41.534167 -90.572222
38.467222 -82.597222
29.793333 -85.295278
35.612053 -82.580736
40.732627 -73.996839
40.758060 -73.987220
42.417389 -71.116833
38.235797 -85.708858
32.388889 -80.682500
35.823611 -80.252222
48.823611 -124.054722
33.974444 -118.037500
40.617500 -79.158889
34.540833 -91.954722
40.447453 -79.949839
32.350000 -80.671667
27.471389 -99.479722
29.732271 -95.435649
39.915120 -75.051534
36.214444 -115.152222
47.150000 -122.410556
38.460833 -76.306667
39.405000 -75.543056
37.749430 -122.386670
43.702900 -79.638000
42.464444 -71.145278
34.095833 -118.290833
42.660714 -70.614444
33.754300 -84.390100
38.017500 -121.816389
39.750556 -75.547500
41.201111 -95.937222
39.706111 -75.570000
35.025278 -85.635556
45.051389 -92.809722
38.840000 -86.445278
30.263611 -97.776667
36.975940 -121.967280
42.387806 -71.119000
42.653270 -71.318114
42.068378 -87.992166
40.136667 -111.027222
44.053611 -89.108611
34.330000 -119.091944
28.005600 -81.700600
44.967778 -93.296111
30.719722 -86.121667
38.709722 -91.438889
28.580832 -81.720922
26.117950 -80.156592
43.875000 -80.180833
38.359444 -78.721111
44.020000 -76.220000
34.725000 -92.259167
35.185000 -86.113889
29.523889 -98.723889
40.773600 -74.360200
46.079180 -118.358860
41.520833 -90.609722
37.807719 -122.442603
39.082689 -77.268208
34.192778 -79.778333
41.928056 -85.638333
34.408611 -103.187500
34.236944 -96.681389
39.955278 -75.172222
36.110137 -80.222271
35.297222 -81.281389
32.502155 -93.844669
33.022343 -86.520814
42.858056 -105.234167
38.231667 -122.637500
43.332500 -71.430833
47.607700 -122.325800
40.468889 -75.585833
40.108889 -90.519167
48.997778 -100.043333
29.509634 -98.306707
34.274167 -81.768056
38.210278 -92.206667
40.716111 -73.999444
33.609300 -95.057600
39.066000 -108.745000
30.291111 -82.978611
35.527550 -82.930430
44.735760 -103.674100
37.963061 -121.299683
42.223889 -121.783056
42.361111 -71.035278
41.991894 -70.079503
38.679194 -87.535594
44.945600 -93.251700
40.746700 -74.043000
40.769167 -75.603611
43.649444 -79.330833
36.487340 -92.494490
43.662778 -84.261389
42.458611 -70.971111
47.924167 -97.032778
42.248700 -83.627600
37.567222 -77.439722
41.805908 -72.524448
38.113889 -87.043056
39.697778 -88.037778
36.125833 -97.065000
40.074444 -80.724722
47.371111 -88.170556
40.725000 -74.074167
37.365833 -79.213056
33.780633 -84.371613
36.158889 -105.974722
44.941361 -93.146556
40.361000 -105.521000
34.146203 -118.159097
34.180278 -86.866389
41.843056 -87.791111
41.863611 -103.662222
40.578056 -73.933056
35.512107 -97.723389
41.558800 -72.653200
41.490020 -81.700300
34.824100 -120.405900
41.103031 -81.245378
38.887000 -77.201000
39.020840 -99.470770
39.958500 -75.219500
41.892600 -85.496900
30.065556 -96.498444
29.486349 -82.859921
39.955508 -75.150789
40.444167 -79.953056
32.228889 -110.946389
32.761944 -108.208333
33.587095 -112.239822
40.732000 -74.002544
44.955556 -93.102222
36.022933 -84.272202
38.878000 -108.226000
44.285278 -73.983889
40.807222 -73.940833
44.080172 -72.007761
29.800833 -95.398333
40.727800 -73.980200
38.393333 -119.996944
40.762250 -73.972370
39.992727 -82.941123
43.536234 -115.039248
28.553523 -81.340930
34.416960 -119.641960
42.893056 -72.059444
39.768608 -86.161925
39.902000 -75.184000
42.779632 -96.162763
47.986667 -122.210278
38.551111 -122.516111
38.204444 -84.545556
39.046000 -94.789600
40.906389 -121.828611
37.206000 -92.906000
40.761042 -73.984722
37.106389 -94.280556
47.145000 -96.972000
46.914000 -98.698000
40.090556 -83.025556
42.297778 -71.122778
36.333889 -81.999444
32.792500 -79.871111
33.466667 -82.013611
41.967000 -89.772300
42.579803 -71.941831
48.423277 -123.364400
41.328800 -72.832200
35.653700 -88.012600
42.216667 -72.000000
39.430556 -77.987778
36.389000 -105.586000
29.949840 -82.111238
37.780000 -100.460000
40.040833 -82.990833
44.926389 -93.115556
40.787778 -73.974722
39.713889 -75.726944
40.752778 -92.416944
40.990833 -73.975833
43.786389 -70.402500
43.270278 -91.475556
31.056389 -81.901667
36.425520 -89.691600
33.960553 -84.125953
39.276806 -76.613333
44.560000 -74.286000
41.880000 -87.625556
35.209444 -87.028056
37.626111 -77.588889
39.205278 -120.204722
40.343889 -76.616944
40.705486 -74.007964
38.925139 -77.067833
34.238900 -118.526800
29.611111 -98.627500
34.104167 -118.236389
39.949100 -75.211000
41.103746 -83.216277
38.845000 -82.141111
45.522222 -122.627222
40.789167 -73.929722
41.353889 -88.421389
34.293889 -119.159722
41.028056 -97.401944
37.729340 -91.473590
41.795000 -71.397778
43.778889 -88.453611
41.980278 -110.045278
36.596389 -79.856667
33.150325 -117.032064
30.884917 -90.510944
42.724444 -73.756667
41.390000 -81.534167
40.555878 -74.202222
46.817400 -71.213900
44.229167 -80.913889
41.453889 -70.602778
39.085000 -94.480000
34.234000 -112.368000
39.259000 -119.707000
42.465833 -122.253889
46.590000 -100.797000
38.934000 -77.126000
34.124167 -117.237222
37.466389 -108.524444
40.700833 -99.108333
39.066472 -108.746472
45.955503 -78.073042
41.619444 -72.631389
32.787500 -79.947222
42.950833 -71.872500
43.752623 -122.502553
33.992778 -117.416944
44.161944 -83.864444
35.190392 -97.446835
30.181944 -82.576944
38.047200 -84.489100
37.643889 -80.242222
35.361111 -120.655833
46.523889 -87.984167
28.273939 -82.621149
45.068056 -93.175000
40.866667 -72.850000
42.768333 -73.956667
41.743333 -111.806667
40.696944 -74.007222
33.976944 -92.673056
45.461200 -122.637900
42.241667 -71.796111
36.146667 -96.000000
38.200000 -75.360000
42.993333 -71.458889
41.883889 -87.625000
38.008333 -120.362222
37.813100 -122.247130
39.830556 -75.769722
48.687778 -121.332500
28.549000 -82.385500
43.019325 -87.916364
38.256389 -78.059167
42.522500 -70.896667
42.730458 -71.172647
38.797917 -77.064639
43.045211 -87.886667
38.881389 -99.338056
43.165833 -95.146111
33.829250 -118.321166
45.064790 -85.485990
36.678206 -76.032986
42.205278 -83.149444
42.704722 -70.910278
48.030278 -122.729444
38.897617 -77.036363
41.911667 -71.124722
43.072500 -92.610833
38.713889 -78.725833
39.786750 -84.084444
31.435556 -100.568889
48.061111 -92.900000
39.275278 -76.621667
33.793611 -82.195556
43.054167 -91.159722
37.030556 -88.347778
47.397500 -123.201111
43.050583 -76.150972
41.006944 -92.013889
42.102500 -80.150800
42.604022 -71.922339
38.820378 -77.091814
41.702500 -88.081111
35.755833 -95.328611
37.538611 -77.430000
48.112514 -121.113805
33.780100 -117.879200
41.240577 -76.826700
42.773056 -73.679167
39.188780 -89.655930
36.123889 -83.125278
43.593000 -79.554000
38.074722 -102.930556
42.990960 -81.248340
34.572735 -82.538090
46.984722 -123.805278
34.370000 -83.235000
48.705556 -125.005833
41.357222 -72.612553
35.693911 -83.630137
40.338100 -75.917700
34.381944 -117.681667
43.648611 -79.397500
25.721228 -80.274053
43.659800 -70.246400
44.966808 -93.247072
40.863961 -74.644469
45.552222 -122.575833
40.446389 -79.905833
46.882778 -98.686667
38.864722 -77.075000
31.262600 -85.433070
42.269722 -71.318611
35.449600 -94.382900
37.443056 -122.171111
42.090790 -76.802510
38.253056 -85.651389
41.010556 -73.863889
38.960000 -77.028333
48.207500 -121.008333
37.777778 -97.510278
43.285278 -96.764722
34.449000 -93.267000
32.792000 -98.940000
35.596667 -105.205833
40.309722 -74.759722
40.453889 -112.363056
42.504444 -70.855278
38.259980 -90.559830
42.372500 -71.230833
32.081944 -81.099444
37.677778 -92.687778
47.463056 -88.072222
42.389839 -72.528236
41.457222 -72.014167
45.526871 -122.670403
37.680833 -78.720000
41.902500 -73.517222
41.956667 -70.738889
36.928333 -76.293889
43.958611 -80.155000
45.501000 -94.242000
42.728056 -84.489167
39.464167 -76.279167
38.753889 -76.922389
42.894167 -72.143889
36.794410 -121.787620
32.997000 -117.056000
42.717190 -83.261960
38.607222 -109.579722
43.135000 -89.436389
34.234500 -117.140900
32.256800 -106.976700
34.666667 -119.751111
38.991452 -77.029715
48.218611 -106.646111
46.317778 -113.248611
43.113056 -75.197222
42.079722 -71.564167
43.939081 -115.053333
41.661297 -70.988128
39.478056 -88.279167
40.631369 -79.730819
40.755556 -73.981389
39.244722 -76.663333
44.331944 -93.961111
30.410278 -91.176944
33.470000 -81.975000
35.976389 -114.950833
43.083056 -98.475278
42.249100 -72.633200
40.760000 -111.896944
46.695556 -123.771389
46.898489 -96.804269
41.086111 -73.763889
36.675278 -89.771944
39.108889 -78.203056
48.001944 -123.600000
38.340556 -81.639722
38.247222 -78.045556
38.955400 -77.124000
38.889722 -123.550278
46.873333 -96.770833
40.260833 -89.233889
32.920000 -107.570833
33.331389 -91.282500
40.423611 -78.270278
36.756111 -121.502778
40.560278 -111.852500
43.156528 -77.608472
34.229000 -118.068000
39.097500 -94.584300
42.583422 -71.978044
38.920700 -77.035714
38.938000 -122.149000
40.739389 -73.986389
29.649444 -81.701944
40.623004 -79.155029
46.116667 -122.885278
28.620833 -81.367222
45.319167 -123.963889
42.323333 -75.382500
34.716389 -84.513889
40.758871 -111.848803
29.804167 -89.999722
40.579319 -85.821725
42.345000 -71.089722
42.373390 -71.119380
32.640556 -116.967778
43.981111 -76.257778
34.429722 -119.263889
43.421000 -87.995000
38.897500 -77.030556
41.073300 -73.497100
39.363333 -84.453333
40.812342 -72.643447
42.927500 -74.933889
46.626944 -100.723333
40.056763 -75.567095
39.964722 -75.162778
38.746111 -77.489444
33.549722 -117.706111
41.345000 -83.117500
32.840000 -117.249000
34.366667 -80.105278
44.622222 -107.115833
42.755556 -71.466667
43.806667 -96.206389
48.596944 -97.672222
45.197778 -93.386944
33.864444 -117.783333
39.737758 -86.229986
45.500262 -73.585398
39.751944 -75.302778
29.956403 -90.074008
42.105000 -72.592222
30.195654 -91.125682
39.239444 -84.556389
46.667500 -90.049167
33.298611 -110.841111
40.674480 -73.943900
47.658333 -117.418889
41.800290 -87.585290
47.818333 -92.291667
34.103033 -83.597120
37.354454 -108.620416
43.448222 -70.573806
27.334070 -82.529068
39.190278 -106.817222
35.484722 -76.053056
29.863611 -81.314722
40.757500 -73.977778
39.119000 -84.514000
39.814722 -74.205000
37.183889 -108.081667
31.576944 -91.394167
38.005678 -122.290369
37.785036 -122.434889
44.829476 -122.790162
37.658333 -78.127500
39.316258 -77.755683
40.585650 -73.825350
40.491111 -80.080000
46.350567 -72.576297
41.181530 -73.290290
41.206944 -96.026944
30.268333 -97.739722
39.046389 -77.864167
38.116667 -97.844444
32.938000 -99.956000
45.175556 -113.892222
42.441667 -84.066389
31.953300 -95.251200
34.514800 -93.115900
37.226389 -80.474167
42.627422 -72.873903
39.099560 -94.581940
30.326500 -91.276778
47.538611 -111.261389
32.752500 -97.329167
44.728889 -75.321111
45.109561 -121.223672
32.952500 -96.095833
36.332800 -82.002369
38.344167 -81.630833
35.687583 -105.936917
38.563889 -92.189167
37.876871 -122.467473
40.363900 -74.234900
38.038861 -78.503944
36.767690 -90.372990
41.363611 -89.393333
44.466667 -110.083333
44.005000 -75.981389
40.204167 -76.805000
39.965556 -75.167222
40.337000 -74.686000
40.956944 -74.018889
33.774100 -84.293940
44.773333 -73.205000
36.838889 -76.308056
35.787778 -86.673611
30.211139 -85.644619
44.140833 -79.484722
29.781200 -95.630500
42.456430 -83.357660
41.757465 -72.669252
42.322200 -89.011500
48.800000 -123.566667
39.143200 -74.767500
44.278392 -78.327000
41.894200 -87.619020
29.026400 -95.415300
32.746139 -97.349694
41.343700 -72.093400
32.707000 -117.104000
39.720278 -104.739167
42.464722 -70.951667
37.073000 -119.432000
36.104316 -78.457499
34.062500 -118.303056
42.310434 -83.019200
46.412500 -117.025278
45.243333 -117.956667
40.673333 -95.870028
42.475556 -71.098611
48.370556 -115.538611
40.040000 -75.176000
33.233889 -80.361111
45.397500 -75.750000
38.873300 -76.995300
45.061667 -92.807222
38.136111 -76.552778
41.457400 -72.809700
40.653466 -74.501692
44.129722 -76.329722
39.721111 -80.118611
40.503556 -74.581806
39.683333 -105.006667
33.263900 -97.226800
46.656944 -80.966667
42.382222 -123.274722
38.685833 -76.652222
39.326900 -89.571200
45.117222 -94.553611
37.780703 -122.417850
35.646100 -82.297400
48.825278 -98.481389
48.657500 -122.478611
39.545646 -78.689739
39.046389 -95.676111
38.262222 -78.864722
42.883333 -78.868611
41.077222 -85.141667
42.343167 -71.509000
38.273889 -104.342778
44.884260 -75.217790
40.757870 -74.045367
37.833611 -75.653889
38.052222 -81.098889
29.815556 -90.068333
38.572500 -121.472778
41.872778 -72.123611
42.332810 -83.048600
29.577607 -95.107262
43.642500 -72.253056
32.776420 -96.801332
39.927222 -75.162500
41.449444 -87.471111
35.965278 -83.923333
39.114944 -77.232056
25.471389 -80.479722
38.510253 -89.987711
35.358056 -91.676944
45.150278 -80.019167
40.586361 -105.121361
44.952778 -93.131111
33.654444 -92.676111
34.545278 -94.202778
36.469444 -95.657222
34.685833 -118.290556
38.173611 -85.913889
45.900833 -89.183333
40.726000 -74.699100
39.798056 -75.658056
34.521667 -81.808056
36.334000 -95.786000
35.444167 -97.413056
42.690833 -90.623889
41.034600 -93.765400
36.121389 -115.169444
31.355556 -97.232222
34.427000 -118.597000
40.728249 -73.994338
35.497700 -80.618700
34.609167 -83.239444
25.986111 -80.193417
25.628078 -80.358380
38.924552 -77.066624
37.746667 -121.946111
39.301111 -81.552500
34.093889 -118.020556
45.519533 -122.743800
40.921389 -92.213611
46.874504 -113.998022
32.838611 -87.888056
39.819722 -89.662500
35.321000 -119.708000
39.888056 -86.059167
33.614722 -92.063333
39.751111 -105.222500
28.798611 -97.001667
38.521667 -89.995278
42.725556 -71.192778
40.294902 -83.066339
33.519700 -86.890970
40.508889 -84.785278
42.555194 -82.866619
34.482759 -82.628619
41.172500 -71.564444
34.450556 -119.834722
42.946944 -78.730556
42.782839 -96.926354
35.877802 -80.093969
37.868889 -122.260833
43.475556 -92.708333
39.949722 -75.176389
31.735833 -93.099167
41.632000 -93.457000
40.129680 -105.462970
27.492500 -81.437222
47.144854 -122.442809
36.283611 -75.870556
43.008611 -77.467222
38.438056 -105.245000
41.259361 -95.928111
39.493611 -80.137222
47.204470 -120.974730
36.609444 -119.536111
40.973333 -117.736944
40.248000 -74.273000
45.871667 -84.731944
36.153000 -115.112000
42.453056 -71.409167
32.885293 -117.242737
41.900556 -73.867778
33.757700 -84.387500
33.862281 -98.569506
40.209722 -75.571944
34.972222 -78.945000
35.686944 -80.436111
47.095650 -123.465161
45.157500 -93.225925
36.092000 -92.262950
39.750000 -101.532778
34.019722 -118.360833
40.793400 -77.859800
45.014300 -74.723300
35.306389 -78.323889
43.366389 -71.036111
46.696000 -117.245500
36.891111 -76.284722
41.795556 -87.595278
34.189964 -118.530886
37.485000 -78.415000
34.113822 -118.335528
36.971111 -76.762500
32.572222 -116.980278
44.162222 -94.102222
41.057778 -76.233611
46.869167 -113.994444
41.724149 -74.074781
46.588333 -90.835833
40.011620 -75.298950
42.709722 -73.755278
42.550000 -78.250000
41.240000 -73.902500
43.426944 -97.803333
40.808139 -73.944917
34.537222 -117.294167
39.770833 -86.159444
35.247850 -91.727110
41.601667 -74.307778
45.419819 -75.692947
25.774650 -80.195167
48.436600 -123.464900
34.089722 -118.262500
39.227778 -88.214167
46.792222 -121.781667
39.279167 -76.843889
36.416944 -119.003889
39.337622 -121.327122
40.160530 -83.392290
26.631833 -78.359833
41.063728 -83.665138
41.181911 -104.069619
42.707500 -71.162778
37.915200 -107.576700
41.300833 -95.948889
41.143113 -81.108153
40.817500 -96.704444
39.970278 -82.981944
40.203056 -75.245278
30.058425 -99.474077
33.419167 -112.576111
39.286600 -76.610900
33.772000 -84.366000
41.881000 -87.629100
42.345833 -71.225833
37.979210 -122.517620
44.862500 -92.783611
32.289444 -90.178889
43.012506 -87.917239
38.883611 -90.182500
34.109500 -117.765100
34.089800 -118.392600
44.100833 -123.051667
36.113333 -79.302778
35.190000 -114.051944
40.466000 -79.045300
36.155278 -82.837778
43.707778 -110.806389
33.841100 -91.041100
34.910333 -120.186889
41.229167 -77.367222
43.191441 -79.252873
37.901667 -93.320278
36.142800 -86.746000
44.439490 -78.265140
45.428926 -75.677986
40.738056 -73.993889
42.355167 -71.132528
40.733278 -73.940389
31.760000 -84.760000
42.281170 -83.339180
30.061111 -93.980000
31.514167 -97.195278
39.437222 -78.118889
39.515886 -87.166247
40.183900 -74.880700
42.418889 -71.156111
47.606000 -122.332000
42.616389 -71.307500
39.286100 -76.612400
40.323771 -74.598888
34.810000 -87.680000
41.696111 -71.139167
33.427222 -81.880556
39.387361 -76.617083
43.651944 -94.461944
45.826898 -89.652644
37.460000 -104.050000
41.260000 -72.958500
38.441743 -122.714944
43.646111 -70.309167
27.778574 -82.732691
43.212778 -75.458056
41.408611 -99.674444
39.034444 -84.623611
44.689000 -93.073000
38.795989 -89.999883
40.707000 -74.112000
40.011944 -79.996389
40.951389 -73.730000
47.105833 -122.564444
35.706667 -96.094167
40.048056 -78.129167
39.780000 -86.140000
36.434037 -77.098457
40.705000 -73.938889
40.891574 -74.004164
46.504167 -120.392500
35.008611 -106.714444
34.366300 -89.536800
40.944425 -74.034642
41.547550 -73.066400
39.091111 -84.500556
41.811000 -70.914000
38.424444 -78.367500
33.561585 -117.772461
30.085833 -83.990278
38.589200 -90.345700
42.008611 -79.066667
34.876667 -92.342222
41.579650 -75.503830
36.105200 -84.452900
34.212933 -118.541640
42.772222 -118.446944
32.886510 -111.748570
40.259444 -76.879167
35.841389 -86.882778
37.648889 -122.063889
38.541389 -122.508333
39.290903 -76.610000
25.813617 -80.191275
36.056111 -112.134722
41.891667 -87.798889
40.825833 -73.295556
38.834722 -97.609167
38.054444 -97.930000
33.768561 -84.365655
35.095278 -104.064722
38.903611 -77.901667
41.656111 -70.272778
45.414167 -122.783056
33.004669 -87.631069
36.883750 -76.309454
47.641111 -93.333889
41.303333 -88.131944
33.938658 -84.537803
40.918333 -73.829167
43.241511 -122.390040
35.925556 -86.870417
41.654722 -70.343889
38.440833 -105.158056
41.500139 -81.691528
46.797222 -102.801944
40.963660 -75.231420
48.301111 -122.668333
41.393056 -70.614444
40.766831 -73.967606
34.258333 -116.921389
36.586111 -79.389444
43.430900 -71.868400
33.476111 -93.273056
42.057000 -91.695000
42.997500 -78.181389
40.069167 -85.638611
38.907778 -91.576944
35.366667 -119.130833
34.212778 -118.061389
30.344444 -95.458889
26.067033 -80.396441
41.312500 -73.900278
35.267778 -82.451667
41.741667 -74.589450
32.577669 -82.317062
47.225000 -122.440278
39.393056 -101.001667
37.273500 -76.715200
38.548000 -123.295300
40.892222 -80.842222
33.441667 -90.499444
42.375556 -71.240833
38.802778 -77.044167
29.716600 -95.402700
43.160147 -79.052234
34.937778 -83.390833
42.697222 -114.518056
36.679167 -76.933611
33.981389 -118.290000
39.683333 -75.749444
35.146353 -89.989228
43.191667 -81.937500
41.223056 -84.376667
33.550867 -101.885000
33.000000 -95.000000
30.244800 -84.319700
42.385556 -71.661944
39.092778 -78.045833
41.768333 -73.390833
30.721111 -86.111389
40.731348 -74.002391
46.975631 -72.654289
46.834444 -100.521944
40.008035 -105.276479
29.441305 -98.495972
37.111111 -82.550000
41.767139 -72.700500
40.807725 -73.937696
37.673056 -113.061389
43.440016 -103.472162
44.280000 -112.380000
35.086000 -101.914000
42.360700 -73.609400
31.954722 -87.264167
38.576667 -78.488056
40.541086 -111.976326
42.036600 -87.982700
39.191894 -74.889888
44.051667 -99.452222
39.739167 -79.903333
40.554444 -85.111111
41.494444 -90.466667
44.995278 -123.070833
37.708611 -117.234167
38.067457 -97.920942
40.216944 -74.009167
42.498221 -90.655345
39.755556 -82.657222
40.227910 -120.847100
35.171389 -85.316111
42.450000 -83.930000
43.120900 -79.044200
42.193889 -73.362778
41.888889 -71.090556
43.129690 -80.760910
42.255833 -71.793889
40.734089 -73.979647
39.686667 -110.853611
42.709754 -83.230492
43.672650 -70.314150
42.826944 -75.543333
39.140833 -76.121667
39.725556 -79.481389
44.218164 -123.211938
26.832778 -81.097222
34.608345 -96.446228
29.771400 -94.676200
36.018889 -78.920556
42.359167 -122.511111
35.390000 -94.428889
41.826700 -87.687100
41.663255 -71.272610
30.045556 -99.139722
35.386166 -77.997438
44.593756 -119.564150
41.708889 -70.765833
27.820000 -82.261000
43.431389 -70.762222
30.581944 -84.599722
40.734647 -73.988000
27.924167 -90.034444
37.726667 -89.884167
41.484167 -71.312222
47.187597 -122.696242
39.876389 -75.617778
41.104167 -105.454722
39.172778 -74.820833
39.379444 -74.429167
40.795748 -81.497140
36.567500 -79.380556
43.139167 -77.688333
42.319167 -79.581944
32.831944 -84.808056
38.902100 -77.918700
38.753611 -75.678056
41.985000 -91.660000
34.123611 -117.378333
41.547000 -90.477000
32.773889 -79.928889
41.910956 -73.634231
41.000000 -95.906111
43.438000 -72.452000
38.868633 -77.225133
32.653472 -115.444685
38.970810 -95.234540
32.214000 -90.382000
35.149000 -90.047900
43.075278 -70.759722
43.007500 -88.226944
43.488056 -96.637222
32.900000 -74.233333
37.498889 -77.092500
42.662778 -74.232778
40.894502 -74.425635
38.773889 -75.313611
41.164567 -74.892217
33.370278 -80.222778
35.602778 -82.564722
41.862778 -80.720833
37.501360 -94.282130
38.897450 -77.023700
40.658000 -74.004000
40.566944 -78.442222
43.816000 -80.012000
42.370833 -72.523056
39.922479 -75.043976
34.053322 -118.239186
38.252500 -85.755833
38.674167 -83.872222
38.772222 -77.083333
41.871111 -88.311944
40.632222 -73.262778
38.636231 -121.434960
32.853253 -116.940700
43.726389 -79.334722
42.512664 -70.815061
43.466667 -79.950000
32.776944 -79.927500
40.364139 -74.959278
41.597222 -74.458333
34.888100 -81.060600
42.292500 -85.325833
38.938611 -77.067500
37.173056 -94.297500
41.887700 -87.625400
34.023056 -118.285833
38.769722 -94.907778
41.109722 -72.368056
38.770187 -77.409623
35.734167 -81.567778
39.054444 -76.087500
35.240556 -111.597500
38.584722 -76.728056
38.890764 -77.022433
40.714444 -74.016944
44.290000 -79.893000
40.752986 -73.972064
41.615278 -70.573056
34.413969 -119.840933
48.094167 -114.269722
32.787500 -96.799200
42.354150 -71.054430
39.363333 -78.466944
36.654444 -121.822222
33.931667 -117.396389
41.232961 -81.047430
41.051944 -73.640000
38.608333 -77.037222
46.305833 -74.181389
33.375883 -86.922681
34.421111 -86.393056
40.460042 -73.995484
39.025556 -76.600278
35.286389 -116.081667
44.387360 -98.214190
36.295700 -78.105500
45.743056 -108.543333
40.399167 -105.069444
29.574167 -95.493611
40.463400 -80.004200
36.282752 -76.219025
40.273056 -74.313889
41.930556 -74.014722
41.112222 -87.861389
34.396000 -107.012000
34.226667 -118.066389
40.765809 -73.933052
43.391111 -80.319444
36.210833 -115.163056
28.136389 -80.703333
38.146944 -79.131667
40.621320 -75.381990
43.681111 -114.366944
41.704331 -87.982002
43.077436 -87.881357
38.928889 -77.029444
42.891389 -84.574167
32.931944 -81.077778
43.617940 -116.930510
34.018238 -81.010646
41.842199 -71.461161
26.576944 -80.242222
41.719000 -73.996000
30.778100 -98.225500
38.256111 -85.758056
42.459167 -71.354722
45.716667 -86.661111
29.887500 -95.522778
42.016472 -71.008278
29.103611 -99.443056
40.734444 -74.172778
42.029722 -92.783056
35.161111 -85.314167
44.429917 -93.206111
41.096667 -74.005000
39.342500 -123.780833
32.921300 -96.678600
33.694722 -78.885556
45.422733 -75.692133
40.660000 -106.340000
43.811000 -84.464000
38.974600 -77.013800
45.302778 -96.451944
48.194000 -97.192000
39.313056 -76.718056
42.014444 -74.412500
33.775690 -85.884040
34.753611 -92.263611
40.119025 -123.824050
38.563611 -86.612778
41.352778 -87.403361
35.769041 -78.655282
42.898056 -73.692222
41.741111 -71.220000
37.680500 -120.923750
43.598056 -114.345833
40.755833 -73.605556
40.403889 -80.590556
45.475278 -89.758889
34.393056 -118.566944
43.946408 -115.049961
31.438889 -86.513333
37.468611 -88.155833
43.791111 -75.496389
39.951300 -75.193900
37.271667 -76.703333
39.315000 -106.961000
37.407106 -102.618892
40.494581 -80.215475
29.730556 -98.120000
32.481389 -92.676111
48.237907 -120.866212
39.749681 -84.202287
28.079500 -81.684000
32.851944 -83.653056
39.205000 -76.568000
40.454170 -80.054720
44.788611 -124.071389
39.408889 -77.409722
47.573611 -115.280556
38.264444 -121.490444
46.789000 -92.114000
27.191994 -81.837306
39.272700 -120.930500
43.341667 -84.700000
42.371944 -71.079444
39.685000 -104.937000
35.084200 -84.040800
45.516111 -122.733056
47.837222 -117.839722
42.968333 -77.615556
47.049878 -122.890956
43.716667 -79.338333
38.334722 -80.939167
31.546389 -110.274722
42.332500 -73.366944
42.629444 -78.115000
47.639200 -122.333700
34.005300 -118.055800
41.672500 -83.556111
44.110278 -70.681667
34.799111 -92.491611
39.859722 -79.745556
43.632222 -108.226667
40.729300 -73.992200
37.508611 -77.711111
45.426917 -122.702386
37.907500 -84.478333
39.721944 -84.210000
41.700556 -73.928056
41.280833 -95.940833
34.499167 -82.001389
46.189167 -123.821944
40.761111 -73.982500
39.690200 -86.108000
40.188000 -92.526000
42.028300 -88.107220
43.202508 -79.217858
33.977000 -79.809000
36.132880 -94.201280
38.247222 -85.758611
47.188889 -114.879167
39.991389 -75.195278
33.839444 -79.051111
42.419722 -71.169722
41.958056 -76.514444
38.949200 -90.196500
39.375833 -76.772500
29.817500 -82.871111
45.319444 -122.762778
41.251250 -95.914217
46.939167 -98.308333
41.697500 -71.146944
40.757222 -73.991111
39.347500 -84.136944
41.898000 -89.606000
43.310556 -73.622500
40.025278 -79.095000
43.543611 -111.885278
43.144000 -75.179000
42.966000 -85.646200
44.116111 -76.339167
36.363889 -78.182778
44.362222 -100.326944
44.376692 -73.229975
33.762700 -84.372798
39.767222 -104.969722
37.667778 -77.912778
36.066111 -94.151111
42.326900 -87.853900
36.414907 -80.268480
39.696111 -84.161944
42.925792 -76.566364
35.111389 -81.153056
39.960113 -75.190457
39.230000 -76.100000
38.556111 -106.915556
36.554000 -82.450000
39.921111 -75.232778
36.114000 -80.259900
38.795278 -83.795556
45.672619 -121.536464
41.482222 -81.876667
29.574444 -95.493611
42.547500 -75.452500
44.912500 -93.342222
33.536000 -96.832000
36.070000 -83.971944
35.713889 -78.817778
41.420000 -82.366667
40.000000 -102.420000
37.333000 -110.991000
45.503720 -73.568520
40.881111 -94.559167
34.302113 -77.875263
45.154246 -85.127563
43.216667 -75.405833
41.949000 -75.282000
42.356111 -73.786667
29.466389 -81.257222
41.833056 -74.217500
42.626389 -77.092500
37.540389 -77.434528
40.766950 -73.957880
40.033889 -82.402222
40.697002 -74.617161
42.975278 -83.576667
42.632222 -83.287222
41.536900 -72.678300
35.528889 -113.425833
42.886390 -78.878610
42.209283 -104.537696
43.331200 -83.737900
42.153333 -71.895833
40.749167 -72.996389
38.936000 -76.997000
39.102222 -94.582222
40.335280 -80.040000
36.389500 -97.890500
35.298889 -93.681667
41.961389 -71.444722
39.657500 -77.848056
30.355000 -108.495556
39.792778 -79.913056
29.649167 -82.341667
47.521944 -111.318611
40.247500 -111.650278
32.827817 -117.051086
38.708333 -111.959167
40.764811 -74.230356
42.011275 -91.622625
45.531667 -122.666667
30.045278 -91.851667
40.752222 -73.967778
36.699250 -82.001389
40.175278 -83.045556
44.933333 -93.675278
43.649840 -79.375790
36.059171 -94.173512
29.861389 -89.900833
30.782137 -85.236874
45.382000 -75.700000
25.469361 -80.476389
31.429631 -100.399039
42.314861 -71.226886
39.052500 -96.764444
39.260000 -83.390000
39.353333 -76.592500
32.352500 -86.051667
35.147500 -92.743611
37.780410 -122.486240
45.356389 -73.148056
38.791667 -90.326111
38.995556 -76.522222
37.498889 -87.479444
44.134167 -79.012500
38.348522 -97.199768
38.635833 -90.206944
41.886500 -87.626800
41.866000 -71.289000
43.782222 -79.415556
30.411814 -88.882719
39.799220 -79.329030
42.383333 -71.122500
43.662778 -97.180278
38.071420 -92.906580
38.248611 -85.756389
45.563056 -94.163056
40.027778 -124.073333
35.230270 -97.440110
45.505600 -73.591700
42.880556 -71.945833
38.033115 -84.508789
41.734499 -72.217866
42.303056 -71.790000
47.722194 -122.326444
28.485380 -81.431312
40.768889 -73.966806
41.816100 -72.799400
45.472111 -73.647222
30.833056 -83.969722
30.295278 -82.985278
32.776236 -96.796838
33.091111 -84.439444
40.813990 -73.923470
25.767269 -80.134165
37.791500 -122.409500
42.885702 -78.873808
35.336667 -94.367500
31.848056 -81.593611
39.911389 -75.351111
43.409333 -70.489661
39.517222 -85.530556
37.574167 -76.541111
30.302044 -97.730583
35.795278 -80.854722
42.365389 -71.056694
41.922700 -87.637900
42.254722 -77.786944
42.951810 -74.390551
45.530394 -122.883156
37.250278 -112.954722
39.602778 -76.107222
40.484722 -76.263611
27.025556 -80.178611
44.221667 -93.918611
42.622778 -71.534722
40.784444 -73.853611
42.523389 -71.100794
47.122500 -79.544167
34.929722 -88.410278
39.968390 -75.172652
39.489722 -75.638889
30.645740 -88.116870
36.928056 -76.008333
40.051667 -75.170556
38.889722 -76.988889
37.675556 -82.274722
37.656667 -121.875000
38.943611 -77.091667
30.373000 -103.664500
42.350550 -71.070283
48.236111 -101.284167
42.478611 -71.099167
41.118737 -73.314123
35.986601 -78.515629
42.302500 -71.186944
42.427600 -90.440600
39.142500 -84.515000
45.520833 -73.538889
32.373333 -86.303611
45.504886 -73.552386
45.515556 -73.562500
42.373639 -71.118417
36.264000 -86.794000
41.180833 -77.278889
41.085000 -81.541667
40.568056 -74.629444
41.437778 -70.613889
41.501111 -81.674444
34.930000 -99.560000
33.826111 -84.605556
38.957570 -92.288250
34.753611 -112.111111
35.919167 -86.860000
38.924722 -76.986667
44.222900 -76.641000
42.498456 -76.309507
42.201000 -73.835000
30.671111 -96.375556
36.503056 -80.606667
40.250556 -105.817778
38.033333 -78.507500
41.530278 -90.579167
36.110900 -80.222100
41.183000 -75.872000
26.711944 -80.683056
30.469167 -83.630000
44.592778 -75.160278
48.015833 -92.856111
37.608000 -87.054000
40.217222 -74.761111
42.460647 -71.671736
43.656944 -70.278333
42.176667 -73.749444
34.099900 -118.021000
41.260800 -76.967300
42.796389 -73.687500
37.601667 -86.370278
42.353300 -71.028300
42.011389 -96.576944
36.814444 -107.892222
35.191389 -114.057500
35.117694 -89.906028
40.339940 -78.931030
42.836667 -106.371111
39.951278 -75.193750
40.779367 -111.839883
32.839722 -87.888056
38.214358 -85.668631
41.465000 -81.286944
48.607222 -93.401944
38.435321 -78.871450
38.912222 -75.431389
42.155000 -83.372856
39.735000 -75.525278
40.645826 -73.777539
37.233056 -77.404167
30.787468 -85.232784
30.360740 -97.577713
38.445639 -78.866333
41.824306 -71.402222
44.166667 -78.833333
28.182500 -82.768056
35.287000 -80.696000
38.635278 -75.865000
43.646100 -79.375000
42.122700 -86.460600
44.070600 -121.348570
42.957222 -77.056111
42.362500 -71.238889
40.705000 -74.013611
40.751389 -73.987500
40.803889 -81.374722
42.149813 -77.054297
39.200833 -75.565278
42.457778 -75.005278
33.846944 -112.266111
32.603056 -85.486667
27.996825 -81.894153
30.164252 -81.722027
32.853161 -87.672508
40.424100 -74.178300
38.301944 -77.475000
39.079167 -84.510000
41.666389 -75.429167
38.730278 -93.548056
42.958889 -78.870000
39.342222 -78.756389
38.810000 -104.825833
37.794108 -122.263069
37.366667 -109.283333
40.132500 -83.753611
39.362708 -84.592500
42.744722 -71.162500
41.450000 -82.032778
33.753172 -84.391151
39.596111 -78.746111
30.612500 -87.645278
34.960000 -82.919444
32.155278 -81.933333
43.714644 -98.026019
40.102860 -76.568290
40.616111 -83.063333
46.173056 -98.080000
26.576861 -80.242167
44.351389 -106.698889
34.046670 -118.263056
28.278333 -80.700833
46.170100 -122.082600
37.809444 -79.797222
32.898611 -80.040556
38.021667 -78.456111
37.358611 -87.495833
41.992222 -80.028889
37.743194 -88.931667
33.337000 -92.714611
40.757450 -73.974140
39.581667 -78.898056
42.615278 -70.845000
43.145278 -75.176389
43.184731 -88.707586
33.787396 -117.898933
42.592500 -71.988889
38.701389 -119.838889
31.073889 -84.879722
44.714444 -89.695278
43.386389 -87.919444
44.143056 -123.718889
41.976556 -91.667083
38.568603 -77.333222
32.059667 -85.947889
39.943889 -83.075833
44.736944 -98.507500
30.281100 -81.570100
34.698889 -99.338333
33.983430 -86.386090
40.899722 -73.445000
40.159200 -82.923000
39.743056 -104.983889
47.595210 -122.330910
30.276111 -81.564722
25.691944 -80.311667
28.795278 -97.004444
41.093000 -84.025000
40.659806 -73.646289
40.726944 -99.006667
43.222580 -71.486700
35.905278 -84.073611
44.041600 -123.074000
29.954194 -89.949806
41.010000 -72.010000
40.246000 -74.835600
43.520278 -114.312222
42.351667 -71.076667
41.983889 -88.694167
35.550523 -77.408515
45.858336 -84.616442
35.890833 -84.866944
41.822900 -83.866500
42.349083 -71.103583
42.552780 -87.893825
38.365278 -85.840000
35.083889 -107.597222
39.145556 -84.521389
42.227663 -72.586471
40.679325 -73.987589
33.774358 -84.396463
41.764400 -72.669700
28.101781 -80.673806
45.940083 -120.663944
43.750000 -111.210000
41.325400 -73.527800
39.896690 -79.978620
40.629722 -75.483333
41.321944 -72.925000
39.417222 -76.857222
34.021944 -117.951389
29.555833 -95.328056
41.698889 -74.130000
35.295333 -94.058972
29.304556 -98.469444
39.628120 -107.759510
39.028748 -84.465385
46.793333 -121.901944
35.312800 -77.603100
32.710556 -117.161111
40.037710 -75.337550
39.357222 -75.748056
45.616667 -74.650000
48.566389 -113.495556
36.066830 -79.357116
40.525000 -111.856111
40.136389 -85.630278
34.390000 -84.435556
42.047500 -88.304722
44.650556 -112.650000
39.927500 -75.946200
42.363835 -71.101420
30.134632 -85.743964
35.360300 -120.656000
47.614742 -122.339331
40.270278 -76.855556
42.520800 -87.818500
36.159167 -86.778611
40.254167 -75.457778
45.419032 -75.688205
41.501710 -81.692940
27.596650 -81.505660
47.016111 -122.915833
39.269722 -81.531944
42.893333 -72.095000
40.872303 -73.528464
40.033611 -81.592222
30.085500 -94.097200
37.351133 -121.939686
42.883333 -70.616667
34.546944 -80.580556
39.983139 -76.159861
34.120000 -84.833056
39.758056 -105.094722
40.695278 -73.927500
47.290000 -101.581111
43.428035 -123.298764
34.681667 -82.838889
42.670556 -72.550000
31.882778 -87.745000
40.634167 -111.861667
27.496799 -99.500250
40.799956 -73.739484
45.430583 -73.952278
46.876389 -113.997222
48.766944 -104.545278
35.815000 -120.743889
40.661667 -75.627222
42.352296 -71.065428
42.556944 -71.353611
39.583070 -121.114200
44.881944 -93.221667
33.212500 -92.664444
34.213889 -119.094444
42.975700 -82.424300
42.363889 -74.065000
37.232778 -77.406111
30.177778 -89.744444
37.768056 -76.330833
42.918056 -85.666111
39.192222 -96.581111
30.780000 -82.029000
36.056944 -90.508611
35.467700 -78.157600
38.783611 -75.157222
34.739722 -100.529722
41.498056 -72.903611
40.773611 -73.886111
41.504167 -74.104722
42.223600 -70.967600
40.731020 -74.006990
26.705833 -80.226667
36.081817 -86.725329
46.410556 -86.657222
38.257100 -85.757000
35.948611 -83.949444
42.294167 -75.807778
39.175940 -77.005533
33.930000 -117.425000
42.809000 -83.668100
42.355833 -89.025556
37.690278 -95.468889
48.738056 -113.429167
25.468611 -80.478333
32.780861 -96.799394
41.513800 -87.929800
42.038000 -87.858000
45.502778 -73.615000
41.299500 -72.930300
40.621667 -79.150556
39.253056 -76.867778
44.481397 -73.213856
36.298889 -88.323056
39.143333 -121.617778
44.950211 -93.095758
46.216944 -119.188056
41.837778 -71.362778
39.379722 -77.715556
26.662713 -80.098623
32.776667 -79.931944
39.657496 -74.810487
33.821095 -84.123387
40.738900 -74.002886
42.305556 -70.900278
47.542222 -122.334444
39.983056 -75.222778
46.441900 -95.146900
27.858600 -81.560900
39.743400 -105.002900
35.976111 -80.433611
35.224931 -80.846993
39.770009 -86.172424
39.462500 -119.064722
45.526944 -122.678056
41.668200 -72.923600
42.382400 -71.322400
38.348880 -122.502250
26.984444 -97.380556
43.783300 -79.351200
42.301389 -71.094444
45.470340 -76.686880
35.958300 -83.914500
44.013333 -96.325000
33.431944 -82.188056
35.724167 -77.909722
41.162114 -104.805579
45.422600 -75.699470
40.248510 -74.101110
38.939800 -77.090100
43.239087 -78.222281
42.318119 -72.638139
36.695058 -114.590353
47.671639 -117.419028
47.120000 -88.550000
41.628889 -70.388333
28.581000 -81.075000
29.668333 -81.212778
39.632778 -77.712500
35.313339 -83.179722
40.915570 -73.122730
40.375058 -74.185867
29.725694 -95.390417
28.966667 -82.700000
44.980858 -93.267773
35.510000 -84.810000
43.309722 -73.630278
42.592417 -83.497750
48.548056 -113.986389
33.784722 -118.256667
46.786000 -87.583000
46.463889 -81.174722
30.462778 -97.819722
42.314722 -88.447222
41.698333 -73.925278
29.648538 -82.351250
40.883333 -78.087222
35.306111 -80.734444
42.271111 -71.791389
36.067778 -94.172778
46.820556 -100.946944
41.961944 -72.745000
43.648889 -79.381667
47.055278 -79.804722
40.866389 -73.594722
42.781667 -71.514722
39.980000 -103.200000
37.786970 -122.399677
33.832500 -116.504700
33.521950 -86.810180
39.748800 -94.859700
29.428432 -98.489623
39.045417 -95.721562
39.005833 -77.052778
40.744123 -73.649460
39.830833 -86.294444
44.049500 -123.094100
43.081389 -75.755278
40.061389 -75.353611
42.451111 -71.229167
38.977778 -77.018611
47.675278 -123.389167
43.967778 -111.683611
43.844444 -73.423611
42.910278 -78.798611
33.187778 -110.472222
30.322778 -81.642778
31.796083 -106.483000
45.547222 -122.902500
31.603137 -85.717817
45.398000 -83.922000
36.584660 -84.141840
45.318333 -95.563333
41.692950 -87.507718
39.684167 -75.759167
26.762222 -80.932778
37.568463 -122.362591
38.240833 -76.958333
34.415750 -119.693667
30.930000 -84.870000
39.046667 -77.000556
42.357500 -71.058056
37.713611 -122.386111
30.988514 -86.281889
38.055278 -87.441667
34.045300 -118.421900
43.197840 -71.530266
43.315410 -84.163200
44.207503 -115.113717
39.991000 -75.797000
30.846111 -93.290278
47.628056 -122.333611
41.150833 -76.151111
39.724444 -104.890833
37.801400 -122.409300
47.544300 -122.108500
37.266300 -76.718300
43.641389 -79.389167
40.516111 -80.151944
41.909722 -87.629167
35.085200 -106.625000
42.376667 -76.871111
43.057667 -87.880706
27.707520 -97.365057
48.290000 -109.869722
45.410254 -75.692351
42.277580 -83.033710
39.695014 -77.325772
46.876111 -96.782500
46.770833 -71.305556
41.926111 -73.875278
38.912778 -77.025278
45.541860 -73.591133
42.283178 -85.615219
37.321667 -77.338056
39.930556 -75.212500
33.333306 -112.063444
43.233333 -72.150000
39.793333 -75.625556
45.357622 -122.585925
33.637522 -117.688940
38.874444 -77.223333
33.263940 -111.650300
43.920440 -79.511430
42.974167 -70.767222
35.261300 -81.043800
37.232500 -82.125000
44.464167 -93.402222
40.721189 -73.642361
42.235000 -71.799444
39.850656 -87.438039
40.772500 -111.878611
35.104444 -77.053333
32.267222 -87.718333
27.963403 -82.799124
39.883428 -87.326289
39.764722 -77.775833
38.946667 -77.081111
35.741111 -84.339167
34.809000 -87.679000
40.727877 -73.982653
39.248056 -114.893889
44.401944 -76.244167
43.804444 -70.804167
41.489722 -71.314167
41.685556 -71.462222
35.120761 -108.483361
37.368611 -79.371389
